"AIRPORT","X_id","Year","Month","Dom_Pax_In","Dom_Pax_Out","Dom_Pax_Total","Int_Pax_In","Int_Pax_Out","Int_Pax_Total","Pax_In","Pax_Out","Pax_Total","Latitude","Longitude"
"ADELAIDE",409,2019,1,293965,298986,592951,58221,49255,107476,352186,348241,700427,-34.945,138.5306
"ADELAIDE",410,2019,2,278620,272735,551355,44990,35260,80250,323610,307995,631605,-34.945,138.5306
"ADELAIDE",411,2019,3,314477,318070,632547,38857,39981,78838,353334,358051,711385,-34.945,138.5306
"ADELAIDE",412,2019,4,315393,315365,630758,40996,46294,87290,356389,361659,718048,-34.945,138.5306
"ADELAIDE",413,2019,5,294271,296479,590750,38454,43024,81478,332725,339503,672228,-34.945,138.5306
"ADELAIDE",414,2019,6,279068,275957,555025,40583,47455,88038,319651,323412,643063,-34.945,138.5306
"ADELAIDE",415,2019,7,321154,325056,646210,55934,49299,105233,377088,374355,751443,-34.945,138.5306
"ADELAIDE",416,2019,8,310165,307344,617509,49885,49320,99205,360050,356664,716714,-34.945,138.5306
"ADELAIDE",417,2019,9,308230,308039,616269,53080,51858,104938,361310,359897,721207,-34.945,138.5306
"ADELAIDE",418,2019,10,345636,343411,689047,55867,43338,99205,401503,386749,788252,-34.945,138.5306
"ADELAIDE",419,2019,11,320697,322044,642741,43856,43075,86931,364553,365119,729672,-34.945,138.5306
"ADELAIDE",420,2019,12,311283,311134,622417,48765,60945,109710,360048,372079,732127,-34.945,138.5306
"ADELAIDE",421,2020,1,294269,298774,593043,63966,53541,117507,358235,352315,710550,-34.945,138.5306
"ADELAIDE",422,2020,2,275909,266178,542087,41150,30615,71765,317059,296793,613852,-34.945,138.5306
"ADELAIDE",423,2020,3,192633,193960,386593,23735,18459,42194,216368,212419,428787,-34.945,138.5306
"ADELAIDE",424,2020,4,5462,6383,11845,0,0,0,5462,6383,11845,-34.945,138.5306
"ADELAIDE",425,2020,5,7273,8466,15739,0,0,0,7273,8466,15739,-34.945,138.5306
"ADELAIDE",426,2020,6,12264,12993,25257,26,51,77,12290,13044,25334,-34.945,138.5306
"ADELAIDE",427,2020,7,25774,27491,53265,350,313,663,26124,27804,53928,-34.945,138.5306
"ADELAIDE",428,2020,8,36135,38427,74562,754,661,1415,36889,39088,75977,-34.945,138.5306
"ADELAIDE",429,2020,9,49137,50346,99483,1123,590,1713,50260,50936,101196,-34.945,138.5306
"ADELAIDE",430,2020,10,90979,90918,181897,1509,537,2046,92488,91455,183943,-34.945,138.5306
"ADELAIDE",431,2020,11,70193,73760,143953,959,481,1440,71152,74241,145393,-34.945,138.5306
"ADELAIDE",432,2020,12,112726,108004,220730,1429,710,2139,114155,108714,222869,-34.945,138.5306
"ADELAIDE",433,2021,1,112901,120628,233529,2115,526,2641,115016,121154,236170,-34.945,138.5306
"ADELAIDE",434,2021,2,97732,97565,195297,1919,459,2378,99651,98024,197675,-34.945,138.5306
"ADELAIDE",435,2021,3,171916,171932,343848,2124,413,2537,174040,172345,346385,-34.945,138.5306
"ADELAIDE",436,2021,4,226873,231100,457973,1798,439,2237,228671,231539,460210,-34.945,138.5306
"ADELAIDE",437,2021,5,208206,212298,420504,2823,1464,4287,211029,213762,424791,-34.945,138.5306
"ADELAIDE",438,2021,6,148588,149609,298197,3040,1642,4682,151628,151251,302879,-34.945,138.5306
"ADELAIDE",439,2021,7,65265,66156,131421,2816,2120,4936,68081,68276,136357,-34.945,138.5306
"ADELAIDE",440,2021,8,39127,39952,79079,1063,871,1934,40190,40823,81013,-34.945,138.5306
"ADELAIDE",441,2021,9,78689,81802,160491,1173,681,1854,79862,82483,162345,-34.945,138.5306
"ADELAIDE",442,2021,10,93731,91605,185336,1152,835,1987,94883,92440,187323,-34.945,138.5306
"ADELAIDE",443,2021,11,116813,113929,230742,1180,1299,2479,117993,115228,233221,-34.945,138.5306
"ADELAIDE",444,2021,12,152001,142689,294690,937,2799,3736,152938,145488,298426,-34.945,138.5306
"ADELAIDE",445,2022,1,127555,129736,257291,4211,3718,7929,131766,133454,265220,-34.945,138.5306
"ADELAIDE",446,2022,2,138158,134762,272920,7289,4956,12245,145447,139718,285165,-34.945,138.5306
"ADELAIDE",447,2022,3,222888,220124,443012,7098,8046,15144,229986,228170,458156,-34.945,138.5306
"ADELAIDE",448,2022,4,281960,284961,566921,10306,12112,22418,292266,297073,589339,-34.945,138.5306
"ADELAIDE",449,2022,5,268778,265119,533897,12693,12808,25501,281471,277927,559398,-34.945,138.5306
"ADELAIDE",450,2022,6,263202,258308,521510,13847,17516,31363,277049,275824,552873,-34.945,138.5306
"ADELAIDE",451,2022,7,287105,291796,578901,22259,22240,44499,309364,314036,623400,-34.945,138.5306
"ADELAIDE",452,2022,8,269233,261865,531098,21150,20231,41381,290383,282096,572479,-34.945,138.5306
"ADELAIDE",453,2022,9,276769,271841,548610,23363,22819,46182,300132,294660,594792,-34.945,138.5306
"ADELAIDE",454,2022,10,304480,300696,605176,25603,22827,48430,330083,323523,653606,-34.945,138.5306
"ADELAIDE",455,2022,11,289145,290101,579246,26291,25667,51958,315436,315768,631204,-34.945,138.5306
"ADELAIDE",456,2022,12,286051,282226,568277,28493,34434,62927,314544,316660,631204,-34.945,138.5306
"ADELAIDE",457,2023,1,274435,279785,554220,41237,34113,75350,315672,313898,629570,-34.945,138.5306
"ADELAIDE",458,2023,2,255626,250364,505990,30587,24931,55518,286213,275295,561508,-34.945,138.5306
"ADELAIDE",459,2023,3,310519,306729,617248,33742,30455,64197,344261,337184,681445,-34.945,138.5306
"ADELAIDE",460,2023,4,299384,301115,600499,36738,38284,75022,336122,339399,675521,-34.945,138.5306
"ADELAIDE",461,2023,5,296058,291446,587504,31211,33022,64233,327269,324468,651737,-34.945,138.5306
"ADELAIDE",462,2023,6,272888,275630,548518,31799,35432,67231,304687,311062,615749,-34.945,138.5306
"ADELAIDE",463,2023,7,299971,306821,606792,45312,40896,86208,345283,347717,693000,-34.945,138.5306
"ADELAIDE",464,2023,8,299771,293865,593636,36548,33483,70031,336319,327348,663667,-34.945,138.5306
"ADELAIDE",465,2023,9,297536,300179,597715,39684,37768,77452,337220,337947,675167,-34.945,138.5306
"ADELAIDE",466,2023,10,331244,327522,658766,44490,35907,80397,375734,363429,739163,-34.945,138.5306
"ADELAIDE",467,2023,11,317671,320807,638478,35710,34357,70067,353381,355164,708545,-34.945,138.5306
"BALLINA",1631,2019,1,27119,29344,56463,0,0,0,27119,29344,56463,-28.8333,153.5619
"BALLINA",1632,2019,2,18999,19168,38167,0,0,0,18999,19168,38167,-28.8333,153.5619
"BALLINA",1633,2019,3,22612,22596,45208,0,0,0,22612,22596,45208,-28.8333,153.5619
"BALLINA",1634,2019,4,24051,23949,48000,0,0,0,24051,23949,48000,-28.8333,153.5619
"BALLINA",1635,2019,5,18031,18257,36288,0,0,0,18031,18257,36288,-28.8333,153.5619
"BALLINA",1636,2019,6,17894,17387,35281,0,0,0,17894,17387,35281,-28.8333,153.5619
"BALLINA",1637,2019,7,22932,23029,45961,0,0,0,22932,23029,45961,-28.8333,153.5619
"BALLINA",1638,2019,8,19791,19809,39600,0,0,0,19791,19809,39600,-28.8333,153.5619
"BALLINA",1639,2019,9,22424,21109,43533,0,0,0,22424,21109,43533,-28.8333,153.5619
"BALLINA",1640,2019,10,23850,24551,48401,0,0,0,23850,24551,48401,-28.8333,153.5619
"BALLINA",1641,2019,11,22416,22485,44901,0,0,0,22416,22485,44901,-28.8333,153.5619
"BALLINA",1642,2019,12,27028,24448,51476,0,0,0,27028,24448,51476,-28.8333,153.5619
"BALLINA",1643,2020,1,27390,30186,57576,0,0,0,27390,30186,57576,-28.8333,153.5619
"BALLINA",1644,2020,2,20690,20309,40999,0,0,0,20690,20309,40999,-28.8333,153.5619
"BALLINA",1645,2020,3,13835,14568,28403,0,0,0,13835,14568,28403,-28.8333,153.5619
"BALLINA",1646,2020,4,195,182,377,0,0,0,195,182,377,-28.8333,153.5619
"BALLINA",1647,2020,5,1257,1272,2529,0,0,0,1257,1272,2529,-28.8333,153.5619
"BALLINA",1648,2020,6,4322,3587,7909,0,0,0,4322,3587,7909,-28.8333,153.5619
"BALLINA",1649,2020,7,15858,15370,31228,0,0,0,15858,15370,31228,-28.8333,153.5619
"BALLINA",1650,2020,8,13248,13906,27154,0,0,0,13248,13906,27154,-28.8333,153.5619
"BALLINA",1651,2020,9,18682,17462,36144,0,0,0,18682,17462,36144,-28.8333,153.5619
"BALLINA",1652,2020,10,25422,25769,51191,0,0,0,25422,25769,51191,-28.8333,153.5619
"BALLINA",1653,2020,11,29389,26973,56362,0,0,0,29389,26973,56362,-28.8333,153.5619
"BALLINA",1654,2020,12,35876,31529,67405,0,0,0,35876,31529,67405,-28.8333,153.5619
"BALLINA",1655,2021,1,28046,31562,59608,0,0,0,28046,31562,59608,-28.8333,153.5619
"BALLINA",1656,2021,2,25021,24357,49378,0,0,0,25021,24357,49378,-28.8333,153.5619
"BALLINA",1657,2021,3,28068,28406,56474,0,0,0,28068,28406,56474,-28.8333,153.5619
"BALLINA",1658,2021,4,29364,29741,59105,0,0,0,29364,29741,59105,-28.8333,153.5619
"BALLINA",1659,2021,5,25018,26076,51094,0,0,0,25018,26076,51094,-28.8333,153.5619
"BALLINA",1660,2021,6,22841,20763,43604,0,0,0,22841,20763,43604,-28.8333,153.5619
"BALLINA",1661,2021,7,3537,5022,8559,0,0,0,3537,5022,8559,-28.8333,153.5619
"BALLINA",1662,2021,8,1066,1119,2185,0,0,0,1066,1119,2185,-28.8333,153.5619
"BALLINA",1663,2021,9,1540,1321,2861,0,0,0,1540,1321,2861,-28.8333,153.5619
"BALLINA",1664,2021,10,3896,4070,7966,0,0,0,3896,4070,7966,-28.8333,153.5619
"BALLINA",1665,2021,11,40727,36702,77429,0,0,0,40727,36702,77429,-28.8333,153.5619
"BALLINA",1666,2021,12,55978,50443,106421,0,0,0,55978,50443,106421,-28.8333,153.5619
"BALLINA",1667,2022,1,33426,39287,72713,0,0,0,33426,39287,72713,-28.8333,153.5619
"BALLINA",1668,2022,2,20886,20946,41832,0,0,0,20886,20946,41832,-28.8333,153.5619
"BALLINA",1669,2022,3,21359,22365,43724,0,0,0,21359,22365,43724,-28.8333,153.5619
"BALLINA",1670,2022,4,30264,30175,60439,0,0,0,30264,30175,60439,-28.8333,153.5619
"BALLINA",1671,2022,5,26383,27292,53675,0,0,0,26383,27292,53675,-28.8333,153.5619
"BALLINA",1672,2022,6,25244,24336,49580,0,0,0,25244,24336,49580,-28.8333,153.5619
"BALLINA",1673,2022,7,25628,25714,51342,0,0,0,25628,25714,51342,-28.8333,153.5619
"BALLINA",1674,2022,8,22354,23191,45545,0,0,0,22354,23191,45545,-28.8333,153.5619
"BALLINA",1675,2022,9,25795,24241,50036,0,0,0,25795,24241,50036,-28.8333,153.5619
"BALLINA",1676,2022,10,27176,27849,55025,0,0,0,27176,27849,55025,-28.8333,153.5619
"BALLINA",1677,2022,11,29717,28972,58689,0,0,0,29717,28972,58689,-28.8333,153.5619
"BALLINA",1678,2022,12,28435,28278,56713,0,0,0,28435,28278,56713,-28.8333,153.5619
"BALLINA",1679,2023,1,29525,31981,61506,0,0,0,29525,31981,61506,-28.8333,153.5619
"BALLINA",1680,2023,2,24589,24374,48963,0,0,0,24589,24374,48963,-28.8333,153.5619
"BALLINA",1681,2023,3,29482,29328,58810,0,0,0,29482,29328,58810,-28.8333,153.5619
"BALLINA",1682,2023,4,26230,26146,52376,0,0,0,26230,26146,52376,-28.8333,153.5619
"BALLINA",1683,2023,5,23516,24455,47971,0,0,0,23516,24455,47971,-28.8333,153.5619
"BALLINA",1684,2023,6,23442,22194,45636,0,0,0,23442,22194,45636,-28.8333,153.5619
"BALLINA",1685,2023,7,26226,26480,52706,0,0,0,26226,26480,52706,-28.8333,153.5619
"BALLINA",1686,2023,8,25100,25478,50578,0,0,0,25100,25478,50578,-28.8333,153.5619
"BALLINA",1687,2023,9,28237,26806,55043,0,0,0,28237,26806,55043,-28.8333,153.5619
"BALLINA",1688,2023,10,27510,28163,55673,0,0,0,27510,28163,55673,-28.8333,153.5619
"BALLINA",1689,2023,11,26925,26298,53223,0,0,0,26925,26298,53223,-28.8333,153.5619
"BRISBANE",2098,2019,1,680091,694414,1374505,317314,268620,585934,997405,963034,1960439,-27.3842,153.1175
"BRISBANE",2099,2019,2,616250,622404,1238654,242960,216993,459953,859210,839397,1698607,-27.3842,153.1175
"BRISBANE",2100,2019,3,716941,707741,1424682,236208,242477,478685,953149,950218,1903367,-27.3842,153.1175
"BRISBANE",2101,2019,4,729676,729399,1459075,253286,268696,521982,982962,998095,1981057,-27.3842,153.1175
"BRISBANE",2102,2019,5,713574,705242,1418816,239373,246644,486017,952947,951886,1904833,-27.3842,153.1175
"BRISBANE",2103,2019,6,688110,690716,1378826,242225,271760,513985,930335,962476,1892811,-27.3842,153.1175
"BRISBANE",2104,2019,7,807079,791137,1598216,313718,267968,581686,1120797,1059105,2179902,-27.3842,153.1175
"BRISBANE",2105,2019,8,767014,761185,1528199,272091,295442,567533,1039105,1056627,2095732,-27.3842,153.1175
"BRISBANE",2106,2019,9,760862,757044,1517906,262254,278326,540580,1023116,1035370,2058486,-27.3842,153.1175
"BRISBANE",2107,2019,10,807162,817472,1624634,295301,259813,555114,1102463,1077285,2179748,-27.3842,153.1175
"BRISBANE",2108,2019,11,746493,752828,1499321,255212,266720,521932,1001705,1019548,2021253,-27.3842,153.1175
"BRISBANE",2109,2019,12,773116,744192,1517308,284412,327751,612163,1057528,1071943,2129471,-27.3842,153.1175
"BRISBANE",2110,2020,1,707885,734476,1442361,333471,283668,617139,1041356,1018144,2059500,-27.3842,153.1175
"BRISBANE",2111,2020,2,606981,612685,1219666,223875,197282,421157,830856,809967,1640823,-27.3842,153.1175
"BRISBANE",2112,2020,3,445000,440149,885149,138690,125177,263867,583690,565326,1149016,-27.3842,153.1175
"BRISBANE",2113,2020,4,26799,28101,54900,2379,6582,8961,29178,34683,63861,-27.3842,153.1175
"BRISBANE",2114,2020,5,32659,32637,65296,1809,2679,4488,34468,35316,69784,-27.3842,153.1175
"BRISBANE",2115,2020,6,71393,76000,147393,4496,5537,10033,75889,81537,157426,-27.3842,153.1175
"BRISBANE",2116,2020,7,180038,171365,351403,3985,7081,11066,184023,178446,362469,-27.3842,153.1175
"BRISBANE",2117,2020,8,140987,146225,287212,2853,8057,10910,143840,154282,298122,-27.3842,153.1175
"BRISBANE",2118,2020,9,154735,156829,311564,2123,5762,7885,156858,162591,319449,-27.3842,153.1175
"BRISBANE",2119,2020,10,193051,184825,377876,5315,7184,12499,198366,192009,390375,-27.3842,153.1175
"BRISBANE",2120,2020,11,217430,224522,441952,4601,4844,9445,222031,229366,451397,-27.3842,153.1175
"BRISBANE",2121,2020,12,414477,387548,802025,5302,5539,10841,419779,393087,812866,-27.3842,153.1175
"BRISBANE",2122,2021,1,267902,283907,551809,4659,5284,9943,272561,289191,561752,-27.3842,153.1175
"BRISBANE",2123,2021,2,298130,300469,598599,4586,4144,8730,302716,304613,607329,-27.3842,153.1175
"BRISBANE",2124,2021,3,427648,425920,853568,6444,3936,10380,434092,429856,863948,-27.3842,153.1175
"BRISBANE",2125,2021,4,429654,437156,866810,9980,11642,21622,439634,448798,888432,-27.3842,153.1175
"BRISBANE",2126,2021,5,511000,503556,1014556,25723,22710,48433,536723,526266,1062989,-27.3842,153.1175
"BRISBANE",2127,2021,6,430307,432858,863165,28021,24882,52903,458328,457740,916068,-27.3842,153.1175
"BRISBANE",2128,2021,7,249494,245299,494793,19956,21025,40981,269450,266324,535774,-27.3842,153.1175
"BRISBANE",2129,2021,8,121497,122053,243550,5549,4909,10458,127046,126962,254008,-27.3842,153.1175
"BRISBANE",2130,2021,9,218867,223494,442361,3420,4240,7660,222287,227734,450021,-27.3842,153.1175
"BRISBANE",2131,2021,10,234056,228529,462585,3399,4891,8290,237455,233420,470875,-27.3842,153.1175
"BRISBANE",2132,2021,11,250852,253869,504721,2578,7419,9997,253430,261288,514718,-27.3842,153.1175
"BRISBANE",2133,2021,12,395624,366513,762137,4454,14148,18602,400078,380661,780739,-27.3842,153.1175
"BRISBANE",2134,2022,1,344849,354577,699426,13581,11602,25183,358430,366179,724609,-27.3842,153.1175
"BRISBANE",2135,2022,2,353768,356813,710581,29642,16900,46542,383410,373713,757123,-27.3842,153.1175
"BRISBANE",2136,2022,3,512295,519705,1032000,44992,40392,85384,557287,560097,1117384,-27.3842,153.1175
"BRISBANE",2137,2022,4,656158,657024,1313182,75699,78551,154250,731857,735575,1467432,-27.3842,153.1175
"BRISBANE",2138,2022,5,634184,628422,1262606,84015,90484,174499,718199,718906,1437105,-27.3842,153.1175
"BRISBANE",2139,2022,6,654731,657804,1312535,96894,110899,207793,751625,768703,1520328,-27.3842,153.1175
"BRISBANE",2140,2022,7,698031,688182,1386213,141980,131641,273621,840011,819823,1659834,-27.3842,153.1175
"BRISBANE",2141,2022,8,644200,639823,1284023,139711,135646,275357,783911,775469,1559380,-27.3842,153.1175
"BRISBANE",2142,2022,9,677647,667478,1345125,147935,143906,291841,825582,811384,1636966,-27.3842,153.1175
"BRISBANE",2143,2022,10,694615,697835,1392450,164173,145909,310082,858788,843744,1702532,-27.3842,153.1175
"BRISBANE",2144,2022,11,662151,674355,1336506,160209,164470,324679,822360,838825,1661185,-27.3842,153.1175
"BRISBANE",2145,2022,12,655328,644468,1299796,168050,192056,360106,823378,836524,1659902,-27.3842,153.1175
"BRISBANE",2146,2023,1,615812,622489,1238301,202387,175332,377719,818199,797821,1616020,-27.3842,153.1175
"BRISBANE",2147,2023,2,572715,567534,1140249,165788,148389,314177,738503,715923,1454426,-27.3842,153.1175
"BRISBANE",2148,2023,3,687168,693293,1380461,173754,173503,347257,860922,866796,1727718,-27.3842,153.1175
"BRISBANE",2149,2023,4,666202,655732,1321934,177699,184288,361987,843901,840020,1683921,-27.3842,153.1175
"BRISBANE",2150,2023,5,670900,666949,1337849,173763,180078,353841,844663,847027,1691690,-27.3842,153.1175
"BRISBANE",2151,2023,6,673019,668794,1341813,190044,207687,397731,863063,876481,1739544,-27.3842,153.1175
"BRISBANE",2152,2023,7,730163,708229,1438392,225371,206945,432316,955534,915174,1870708,-27.3842,153.1175
"BRISBANE",2153,2023,8,708809,706897,1415706,207038,215279,422317,915847,922176,1838023,-27.3842,153.1175
"BRISBANE",2154,2023,9,727365,722667,1450032,217038,216383,433421,944403,939050,1883453,-27.3842,153.1175
"BRISBANE",2155,2023,10,730214,737807,1468021,225733,208142,433875,955947,945949,1901896,-27.3842,153.1175
"BRISBANE",2156,2023,11,711614,719765,1431379,213208,227229,440437,924822,946994,1871816,-27.3842,153.1175
"CAIRNS",2565,2019,1,165466,182593,348059,35119,28466,63585,200585,211059,411644,-16.8858,145.7553
"CAIRNS",2566,2019,2,137677,144222,281899,30795,25815,56610,168472,170037,338509,-16.8858,145.7553
"CAIRNS",2567,2019,3,148353,148820,297173,27643,27018,54661,175996,175838,351834,-16.8858,145.7553
"CAIRNS",2568,2019,4,174165,174537,348702,26308,26781,53089,200473,201318,401791,-16.8858,145.7553
"CAIRNS",2569,2019,5,155803,156734,312537,21257,24427,45684,177060,181161,358221,-16.8858,145.7553
"CAIRNS",2570,2019,6,165242,156860,322102,22586,22671,45257,187828,179531,367359,-16.8858,145.7553
"CAIRNS",2571,2019,7,202599,207474,410073,32703,26768,59471,235302,234242,469544,-16.8858,145.7553
"CAIRNS",2572,2019,8,186770,193366,380136,31853,35300,67153,218623,228666,447289,-16.8858,145.7553
"CAIRNS",2573,2019,9,179272,175399,354671,27488,27903,55391,206760,203302,410062,-16.8858,145.7553
"CAIRNS",2574,2019,10,186674,198083,384757,29088,24945,54033,215762,223028,438790,-16.8858,145.7553
"CAIRNS",2575,2019,11,166611,170095,336706,21997,22149,44146,188608,192244,380852,-16.8858,145.7553
"CAIRNS",2576,2019,12,178108,171434,349542,25408,27336,52744,203516,198770,402286,-16.8858,145.7553
"CAIRNS",2577,2020,1,167386,180829,348215,28638,24465,53103,196024,205294,401318,-16.8858,145.7553
"CAIRNS",2578,2020,2,112318,121118,233436,24070,19120,43190,136388,140238,276626,-16.8858,145.7553
"CAIRNS",2579,2020,3,87371,93860,181231,10976,10079,21055,98347,103939,202286,-16.8858,145.7553
"CAIRNS",2580,2020,4,3459,3967,7426,30,24,54,3489,3991,7480,-16.8858,145.7553
"CAIRNS",2581,2020,5,4457,4324,8781,37,55,92,4494,4379,8873,-16.8858,145.7553
"CAIRNS",2582,2020,6,13751,12639,26390,102,144,246,13853,12783,26636,-16.8858,145.7553
"CAIRNS",2583,2020,7,54621,49769,104390,53,72,125,54674,49841,104515,-16.8858,145.7553
"CAIRNS",2584,2020,8,47105,50717,97822,79,58,137,47184,50775,97959,-16.8858,145.7553
"CAIRNS",2585,2020,9,63478,61080,124558,94,68,162,63572,61148,124720,-16.8858,145.7553
"CAIRNS",2586,2020,10,64549,68830,133379,130,108,238,64679,68938,133617,-16.8858,145.7553
"CAIRNS",2587,2020,11,61386,63214,124600,367,96,463,61753,63310,125063,-16.8858,145.7553
"CAIRNS",2588,2020,12,104291,92785,197076,250,106,356,104541,92891,197432,-16.8858,145.7553
"CAIRNS",2589,2021,1,81168,94999,176167,267,127,394,81435,95126,176561,-16.8858,145.7553
"CAIRNS",2590,2021,2,61052,61666,122718,184,104,288,61236,61770,123006,-16.8858,145.7553
"CAIRNS",2591,2021,3,96171,89306,185477,171,47,218,96342,89353,185695,-16.8858,145.7553
"CAIRNS",2592,2021,4,139312,137320,276632,0,0,0,139312,137320,276632,-16.8858,145.7553
"CAIRNS",2593,2021,5,138197,136872,275069,0,0,0,138197,136872,275069,-16.8858,145.7553
"CAIRNS",2594,2021,6,136235,124787,261022,283,275,558,136518,125062,261580,-16.8858,145.7553
"CAIRNS",2595,2021,7,105136,122044,227180,434,550,984,105570,122594,228164,-16.8858,145.7553
"CAIRNS",2596,2021,8,42963,46215,89178,0,0,0,42963,46215,89178,-16.8858,145.7553
"CAIRNS",2597,2021,9,82306,78141,160447,0,0,0,82306,78141,160447,-16.8858,145.7553
"CAIRNS",2598,2021,10,80925,85901,166826,0,3,3,80925,85904,166829,-16.8858,145.7553
"CAIRNS",2599,2021,11,76280,79303,155583,0,19,19,76280,79322,155602,-16.8858,145.7553
"CAIRNS",2600,2021,12,117397,98493,215890,0,26,26,117397,98519,215916,-16.8858,145.7553
"CAIRNS",2601,2022,1,101593,119639,221232,0,68,68,101593,119707,221300,-16.8858,145.7553
"CAIRNS",2602,2022,2,74950,73920,148870,0,111,111,74950,74031,148981,-16.8858,145.7553
"CAIRNS",2603,2022,3,112705,109426,222131,107,250,357,112812,109676,222488,-16.8858,145.7553
"CAIRNS",2604,2022,4,176984,170675,347659,1597,1374,2971,178581,172049,350630,-16.8858,145.7553
"CAIRNS",2605,2022,5,152773,152054,304827,2277,3020,5297,155050,155074,310124,-16.8858,145.7553
"CAIRNS",2606,2022,6,181033,165059,346092,4037,5344,9381,185070,170403,355473,-16.8858,145.7553
"CAIRNS",2607,2022,7,188524,196632,385156,10314,8022,18336,198838,204654,403492,-16.8858,145.7553
"CAIRNS",2608,2022,8,173475,178869,352344,11323,10614,21937,184798,189483,374281,-16.8858,145.7553
"CAIRNS",2609,2022,9,184671,178202,362873,7586,7664,15250,192257,185866,378123,-16.8858,145.7553
"CAIRNS",2610,2022,10,179425,188390,367815,10261,8440,18701,189686,196830,386516,-16.8858,145.7553
"CAIRNS",2611,2022,11,149558,155164,304722,7692,9456,17148,157250,164620,321870,-16.8858,145.7553
"CAIRNS",2612,2022,12,159727,149179,308906,11267,14438,25705,170994,163617,334611,-16.8858,145.7553
"CAIRNS",2613,2023,1,143420,155313,298733,15885,13920,29805,159305,169233,328538,-16.8858,145.7553
"CAIRNS",2614,2023,2,111683,116266,227949,15903,11957,27860,127586,128223,255809,-16.8858,145.7553
"CAIRNS",2615,2023,3,142578,139756,282334,15864,17120,32984,158442,156876,315318,-16.8858,145.7553
"CAIRNS",2616,2023,4,163902,166802,330704,18602,16245,34847,182504,183047,365551,-16.8858,145.7553
"CAIRNS",2617,2023,5,158107,158050,316157,16952,18037,34989,175059,176087,351146,-16.8858,145.7553
"CAIRNS",2618,2023,6,177738,166490,344228,18226,18794,37020,195964,185284,381248,-16.8858,145.7553
"CAIRNS",2619,2023,7,195021,204360,399381,28855,20136,48991,223876,224496,448372,-16.8858,145.7553
"CAIRNS",2620,2023,8,188334,193286,381620,27315,27939,55254,215649,221225,436874,-16.8858,145.7553
"CAIRNS",2621,2023,9,191936,186040,377976,25026,28228,53254,216962,214268,431230,-16.8858,145.7553
"CAIRNS",2622,2023,10,184789,195082,379871,27532,24665,52197,212321,219747,432068,-16.8858,145.7553
"CAIRNS",2623,2023,11,162243,165589,327832,24233,25047,49280,186476,190636,377112,-16.8858,145.7553
"CANBERRA",3032,2019,1,106793,94755,201548,3290,3445,6735,110083,98200,208283,-35.3069,149.195
"CANBERRA",3033,2019,2,120670,118342,239012,2839,2678,5517,123509,121020,244529,-35.3069,149.195
"CANBERRA",3034,2019,3,135197,135475,270672,2592,3492,6084,137789,138967,276756,-35.3069,149.195
"CANBERRA",3035,2019,4,127461,127899,255360,2811,4239,7050,130272,132138,262410,-35.3069,149.195
"CANBERRA",3036,2019,5,130101,132847,262948,2984,4365,7349,133085,137212,270297,-35.3069,149.195
"CANBERRA",3037,2019,6,125376,126024,251400,3333,4545,7878,128709,130569,259278,-35.3069,149.195
"CANBERRA",3038,2019,7,140844,137122,277966,4168,4227,8395,145012,141349,286361,-35.3069,149.195
"CANBERRA",3039,2019,8,138130,139859,277989,3174,4067,7241,141304,143926,285230,-35.3069,149.195
"CANBERRA",3040,2019,9,140824,139184,280008,3471,4559,8030,144295,143743,288038,-35.3069,149.195
"CANBERRA",3041,2019,10,150608,147522,298130,3777,3557,7334,154385,151079,305464,-35.3069,149.195
"CANBERRA",3042,2019,11,143066,144165,287231,2813,3718,6531,145879,147883,293762,-35.3069,149.195
"CANBERRA",3043,2019,12,120748,130031,250779,2478,4447,6925,123226,134478,257704,-35.3069,149.195
"CANBERRA",3044,2020,1,107782,97761,205543,2617,3087,5704,110399,100848,211247,-35.3069,149.195
"CANBERRA",3045,2020,2,121940,117645,239585,2265,2279,4544,124205,119924,244129,-35.3069,149.195
"CANBERRA",3046,2020,3,77060,74706,151766,1471,1174,2645,78531,75880,154411,-35.3069,149.195
"CANBERRA",3047,2020,4,2044,2334,4378,0,0,0,2044,2334,4378,-35.3069,149.195
"CANBERRA",3048,2020,5,2891,2827,5718,0,0,0,2891,2827,5718,-35.3069,149.195
"CANBERRA",3049,2020,6,6861,6484,13345,0,0,0,6861,6484,13345,-35.3069,149.195
"CANBERRA",3050,2020,7,10723,11907,22630,0,0,0,10723,11907,22630,-35.3069,149.195
"CANBERRA",3051,2020,8,7072,6437,13509,0,0,0,7072,6437,13509,-35.3069,149.195
"CANBERRA",3052,2020,9,6167,7122,13289,0,0,0,6167,7122,13289,-35.3069,149.195
"CANBERRA",3053,2020,10,22103,23072,45175,0,0,0,22103,23072,45175,-35.3069,149.195
"CANBERRA",3054,2020,11,34173,34250,68423,118,0,118,34291,34250,68541,-35.3069,149.195
"CANBERRA",3055,2020,12,51306,61312,112618,0,0,0,51306,61312,112618,-35.3069,149.195
"CANBERRA",3056,2021,1,52681,44013,96694,0,0,0,52681,44013,96694,-35.3069,149.195
"CANBERRA",3057,2021,2,46159,46671,92830,0,0,0,46159,46671,92830,-35.3069,149.195
"CANBERRA",3058,2021,3,65604,66221,131825,137,0,137,65741,66221,131962,-35.3069,149.195
"CANBERRA",3059,2021,4,73731,73864,147595,0,0,0,73731,73864,147595,-35.3069,149.195
"CANBERRA",3060,2021,5,81032,82567,163599,0,0,0,81032,82567,163599,-35.3069,149.195
"CANBERRA",3061,2021,6,67280,69125,136405,0,0,0,67280,69125,136405,-35.3069,149.195
"CANBERRA",3062,2021,7,35607,33190,68797,0,0,0,35607,33190,68797,-35.3069,149.195
"CANBERRA",3063,2021,8,7057,5713,12770,0,0,0,7057,5713,12770,-35.3069,149.195
"CANBERRA",3064,2021,9,1854,1642,3496,0,0,0,1854,1642,3496,-35.3069,149.195
"CANBERRA",3065,2021,10,2074,2484,4558,0,0,0,2074,2484,4558,-35.3069,149.195
"CANBERRA",3066,2021,11,24218,23996,48214,0,0,0,24218,23996,48214,-35.3069,149.195
"CANBERRA",3067,2021,12,53095,64004,117099,0,0,0,53095,64004,117099,-35.3069,149.195
"CANBERRA",3068,2022,1,54401,45340,99741,0,0,0,54401,45340,99741,-35.3069,149.195
"CANBERRA",3069,2022,2,56774,56165,112939,0,0,0,56774,56165,112939,-35.3069,149.195
"CANBERRA",3070,2022,3,88227,88613,176840,0,0,0,88227,88613,176840,-35.3069,149.195
"CANBERRA",3071,2022,4,104174,106801,210975,0,0,0,104174,106801,210975,-35.3069,149.195
"CANBERRA",3072,2022,5,105704,106083,211787,0,0,0,105704,106083,211787,-35.3069,149.195
"CANBERRA",3073,2022,6,108136,110827,218963,0,0,0,108136,110827,218963,-35.3069,149.195
"CANBERRA",3074,2022,7,121068,119187,240255,0,0,0,121068,119187,240255,-35.3069,149.195
"CANBERRA",3075,2022,8,111703,109761,221464,0,0,0,111703,109761,221464,-35.3069,149.195
"CANBERRA",3076,2022,9,114412,119407,233819,0,0,0,114412,119407,233819,-35.3069,149.195
"CANBERRA",3077,2022,10,125573,119439,245012,0,0,0,125573,119439,245012,-35.3069,149.195
"CANBERRA",3078,2022,11,123665,122061,245726,0,0,0,123665,122061,245726,-35.3069,149.195
"CANBERRA",3079,2022,12,103818,116268,220086,0,0,0,103818,116268,220086,-35.3069,149.195
"CANBERRA",3080,2023,1,98797,86077,184874,0,0,0,98797,86077,184874,-35.3069,149.195
"CANBERRA",3081,2023,2,100579,98249,198828,0,0,0,100579,98249,198828,-35.3069,149.195
"CANBERRA",3082,2023,3,120774,122673,243447,0,0,0,120774,122673,243447,-35.3069,149.195
"CANBERRA",3083,2023,4,110403,108661,219064,105,72,177,110508,108733,219241,-35.3069,149.195
"CANBERRA",3084,2023,5,115035,115972,231007,0,0,0,115035,115972,231007,-35.3069,149.195
"CANBERRA",3085,2023,6,111779,116283,228062,0,0,0,111779,116283,228062,-35.3069,149.195
"CANBERRA",3086,2023,7,121023,116196,237219,318,203,521,121341,116399,237740,-35.3069,149.195
"CANBERRA",3087,2023,8,119065,120265,239330,802,874,1676,119867,121139,241006,-35.3069,149.195
"CANBERRA",3088,2023,9,119580,122742,242322,940,1059,1999,120520,123801,244321,-35.3069,149.195
"CANBERRA",3089,2023,10,127977,120158,248135,1234,1379,2613,129211,121537,250748,-35.3069,149.195
"CANBERRA",3090,2023,11,129008,129404,258412,983,1183,2166,129991,130587,260578,-35.3069,149.195
"DARWIN",3499,2019,1,65415,56170,121585,13501,9880,23381,78916,66050,144966,-12.4147,130.8775
"DARWIN",3500,2019,2,51741,52055,103796,9136,6754,15890,60877,58809,119686,-12.4147,130.8775
"DARWIN",3501,2019,3,60587,59296,119883,7932,7402,15334,68519,66698,135217,-12.4147,130.8775
"DARWIN",3502,2019,4,73370,70662,144032,10018,10067,20085,83388,80729,164117,-12.4147,130.8775
"DARWIN",3503,2019,5,73588,71246,144834,10481,11013,21494,84069,82259,166328,-12.4147,130.8775
"DARWIN",3504,2019,6,83691,79376,163067,10830,12907,23737,94521,92283,186804,-12.4147,130.8775
"DARWIN",3505,2019,7,93885,97733,191618,14178,11800,25978,108063,109533,217596,-12.4147,130.8775
"DARWIN",3506,2019,8,85090,90369,175459,12323,12564,24887,97413,102933,200346,-12.4147,130.8775
"DARWIN",3507,2019,9,77127,78844,155971,11655,11409,23064,88782,90253,179035,-12.4147,130.8775
"DARWIN",3508,2019,10,74434,79762,154196,11996,9762,21758,86430,89524,175954,-12.4147,130.8775
"DARWIN",3509,2019,11,60776,63808,124584,9006,9238,18244,69782,73046,142828,-12.4147,130.8775
"DARWIN",3510,2019,12,60593,67842,128435,7543,14635,22178,68136,82477,150613,-12.4147,130.8775
"DARWIN",3511,2020,1,64657,56560,121217,15026,10712,25738,79683,67272,146955,-12.4147,130.8775
"DARWIN",3512,2020,2,48141,50081,98222,8685,5674,14359,56826,55755,112581,-12.4147,130.8775
"DARWIN",3513,2020,3,41355,39999,81354,4342,2910,7252,45697,42909,88606,-12.4147,130.8775
"DARWIN",3514,2020,4,3401,3309,6710,0,0,0,3401,3309,6710,-12.4147,130.8775
"DARWIN",3515,2020,5,3014,2736,5750,0,0,0,3014,2736,5750,-12.4147,130.8775
"DARWIN",3516,2020,6,6728,6568,13296,0,0,0,6728,6568,13296,-12.4147,130.8775
"DARWIN",3517,2020,7,14237,12332,26569,0,0,0,14237,12332,26569,-12.4147,130.8775
"DARWIN",3518,2020,8,19355,19061,38416,0,0,0,19355,19061,38416,-12.4147,130.8775
"DARWIN",3519,2020,9,25754,24295,50049,0,0,0,25754,24295,50049,-12.4147,130.8775
"DARWIN",3520,2020,10,31623,33532,65155,0,0,0,31623,33532,65155,-12.4147,130.8775
"DARWIN",3521,2020,11,31186,33267,64453,63,4,67,31249,33271,64520,-12.4147,130.8775
"DARWIN",3522,2020,12,38497,45294,83791,8,0,8,38505,45294,83799,-12.4147,130.8775
"DARWIN",3523,2021,1,40399,38445,78844,0,0,0,40399,38445,78844,-12.4147,130.8775
"DARWIN",3524,2021,2,27246,29308,56554,0,0,0,27246,29308,56554,-12.4147,130.8775
"DARWIN",3525,2021,3,41072,41479,82551,0,0,0,41072,41479,82551,-12.4147,130.8775
"DARWIN",3526,2021,4,58960,57078,116038,0,0,0,58960,57078,116038,-12.4147,130.8775
"DARWIN",3527,2021,5,64413,62995,127408,0,0,0,64413,62995,127408,-12.4147,130.8775
"DARWIN",3528,2021,6,59264,60502,119766,0,0,0,59264,60502,119766,-12.4147,130.8775
"DARWIN",3529,2021,7,45513,45924,91437,0,0,0,45513,45924,91437,-12.4147,130.8775
"DARWIN",3530,2021,8,38962,45706,84668,0,0,0,38962,45706,84668,-12.4147,130.8775
"DARWIN",3531,2021,9,47173,50023,97196,0,0,0,47173,50023,97196,-12.4147,130.8775
"DARWIN",3532,2021,10,44302,51407,95709,0,0,0,44302,51407,95709,-12.4147,130.8775
"DARWIN",3533,2021,11,27062,31216,58278,887,181,1068,27949,31397,59346,-12.4147,130.8775
"DARWIN",3534,2021,12,27859,36036,63895,1003,679,1682,28862,36715,65577,-12.4147,130.8775
"DARWIN",3535,2022,1,33550,27956,61506,1128,672,1800,34678,28628,63306,-12.4147,130.8775
"DARWIN",3536,2022,2,25989,27998,53987,1800,858,2658,27789,28856,56645,-12.4147,130.8775
"DARWIN",3537,2022,3,43814,44414,88228,2796,1979,4775,46610,46393,93003,-12.4147,130.8775
"DARWIN",3538,2022,4,69585,67980,137565,4633,4999,9632,74218,72979,147197,-12.4147,130.8775
"DARWIN",3539,2022,5,74594,70583,145177,5768,6601,12369,80362,77184,157546,-12.4147,130.8775
"DARWIN",3540,2022,6,87873,78844,166717,6072,7727,13799,93945,86571,180516,-12.4147,130.8775
"DARWIN",3541,2022,7,93673,97593,191266,8642,7711,16353,102315,105304,207619,-12.4147,130.8775
"DARWIN",3542,2022,8,77807,83209,161016,7483,6757,14240,85290,89966,175256,-12.4147,130.8775
"DARWIN",3543,2022,9,76708,80271,156979,6289,6134,12423,82997,86405,169402,-12.4147,130.8775
"DARWIN",3544,2022,10,71747,76723,148470,6707,5765,12472,78454,82488,160942,-12.4147,130.8775
"DARWIN",3545,2022,11,57288,59696,116984,7064,6823,13887,64352,66519,130871,-12.4147,130.8775
"DARWIN",3546,2022,12,52909,64556,117465,5409,7952,13361,58318,72508,130826,-12.4147,130.8775
"DARWIN",3547,2023,1,57714,49886,107600,7777,6134,13911,65491,56020,121511,-12.4147,130.8775
"DARWIN",3548,2023,2,43558,43549,87107,6650,5164,11814,50208,48713,98921,-12.4147,130.8775
"DARWIN",3549,2023,3,57575,55273,112848,6237,5577,11814,63812,60850,124662,-12.4147,130.8775
"DARWIN",3550,2023,4,67366,64435,131801,6319,6734,13053,73685,71169,144854,-12.4147,130.8775
"DARWIN",3551,2023,5,72768,69623,142391,6474,6504,12978,79242,76127,155369,-12.4147,130.8775
"DARWIN",3552,2023,6,82253,75790,158043,6842,7183,14025,89095,82973,172068,-12.4147,130.8775
"DARWIN",3553,2023,7,87172,90824,177996,8697,8406,17103,95869,99230,195099,-12.4147,130.8775
"DARWIN",3554,2023,8,80462,84572,165034,8403,8207,16610,88865,92779,181644,-12.4147,130.8775
"DARWIN",3555,2023,9,74658,78849,153507,8317,7713,16030,82975,86562,169537,-12.4147,130.8775
"DARWIN",3556,2023,10,69188,71688,140876,5792,4943,10735,74980,76631,151611,-12.4147,130.8775
"DARWIN",3557,2023,11,53752,55591,109343,7317,7608,14925,61069,63199,124268,-12.4147,130.8775
"GOLD COAST",3966,2019,1,262601,279573,542174,50028,45595,95623,312629,325168,637797,-28.1644,153.5047
"GOLD COAST",3967,2019,2,190989,197259,388248,37158,33065,70223,228147,230324,458471,-28.1644,153.5047
"GOLD COAST",3968,2019,3,213949,211594,425543,37533,36254,73787,251482,247848,499330,-28.1644,153.5047
"GOLD COAST",3969,2019,4,238715,240862,479577,41791,39330,81121,280506,280192,560698,-28.1644,153.5047
"GOLD COAST",3970,2019,5,202593,203317,405910,33718,31341,65059,236311,234658,470969,-28.1644,153.5047
"GOLD COAST",3971,2019,6,203236,198016,401252,34422,37429,71851,237658,235445,473103,-28.1644,153.5047
"GOLD COAST",3972,2019,7,247576,248958,496534,46702,39113,85815,294278,288071,582349,-28.1644,153.5047
"GOLD COAST",3973,2019,8,222730,225565,448295,38835,39005,77840,261565,264570,526135,-28.1644,153.5047
"GOLD COAST",3974,2019,9,241442,230758,472200,36132,37885,74017,277574,268643,546217,-28.1644,153.5047
"GOLD COAST",3975,2019,10,255381,265431,520812,40033,37218,77251,295414,302649,598063,-28.1644,153.5047
"GOLD COAST",3976,2019,11,225477,231244,456721,34509,35596,70105,259986,266840,526826,-28.1644,153.5047
"GOLD COAST",3977,2019,12,261555,244787,506342,45674,52629,98303,307229,297416,604645,-28.1644,153.5047
"GOLD COAST",3978,2020,1,262457,276137,538594,52235,47115,99350,314692,323252,637944,-28.1644,153.5047
"GOLD COAST",3979,2020,2,185735,189523,375258,36789,32871,69660,222524,222394,444918,-28.1644,153.5047
"GOLD COAST",3980,2020,3,127307,137163,264470,20412,18038,38450,147719,155201,302920,-28.1644,153.5047
"GOLD COAST",3981,2020,4,596,922,1518,0,0,0,596,922,1518,-28.1644,153.5047
"GOLD COAST",3982,2020,5,1025,1272,2297,0,0,0,1025,1272,2297,-28.1644,153.5047
"GOLD COAST",3983,2020,6,2252,2837,5089,0,0,0,2252,2837,5089,-28.1644,153.5047
"GOLD COAST",3984,2020,7,21997,19649,41646,0,0,0,21997,19649,41646,-28.1644,153.5047
"GOLD COAST",3985,2020,8,4075,5636,9711,0,0,0,4075,5636,9711,-28.1644,153.5047
"GOLD COAST",3986,2020,9,10057,10035,20092,0,284,284,10057,10319,20376,-28.1644,153.5047
"GOLD COAST",3987,2020,10,16042,15400,31442,0,0,0,16042,15400,31442,-28.1644,153.5047
"GOLD COAST",3988,2020,11,17802,18453,36255,0,0,0,17802,18453,36255,-28.1644,153.5047
"GOLD COAST",3989,2020,12,101843,86257,188100,0,0,0,101843,86257,188100,-28.1644,153.5047
"GOLD COAST",3990,2021,1,86476,106520,192996,0,0,0,86476,106520,192996,-28.1644,153.5047
"GOLD COAST",3991,2021,2,78519,81407,159926,0,0,0,78519,81407,159926,-28.1644,153.5047
"GOLD COAST",3992,2021,3,142324,138815,281139,0,0,0,142324,138815,281139,-28.1644,153.5047
"GOLD COAST",3993,2021,4,197500,199954,397454,1797,2603,4400,199297,202557,401854,-28.1644,153.5047
"GOLD COAST",3994,2021,5,186483,185124,371607,7460,6807,14267,193943,191931,385874,-28.1644,153.5047
"GOLD COAST",3995,2021,6,119201,117418,236619,8198,7736,15934,127399,125154,252553,-28.1644,153.5047
"GOLD COAST",3996,2021,7,43177,52264,95441,4205,5438,9643,47382,57702,105084,-28.1644,153.5047
"GOLD COAST",3997,2021,8,5901,6584,12485,0,0,0,5901,6584,12485,-28.1644,153.5047
"GOLD COAST",3998,2021,9,12427,12573,25000,0,0,0,12427,12573,25000,-28.1644,153.5047
"GOLD COAST",3999,2021,10,12556,13379,25935,0,0,0,12556,13379,25935,-28.1644,153.5047
"GOLD COAST",4000,2021,11,17318,18011,35329,0,0,0,17318,18011,35329,-28.1644,153.5047
"GOLD COAST",4001,2021,12,119880,85001,204881,0,0,0,119880,85001,204881,-28.1644,153.5047
"GOLD COAST",4002,2022,1,182877,202648,385525,0,0,0,182877,202648,385525,-28.1644,153.5047
"GOLD COAST",4003,2022,2,151862,151166,303028,301,124,425,152163,151290,303453,-28.1644,153.5047
"GOLD COAST",4004,2022,3,196849,199365,396214,2983,3031,6014,199832,202396,402228,-28.1644,153.5047
"GOLD COAST",4005,2022,4,270544,269351,539895,8060,7695,15755,278604,277046,555650,-28.1644,153.5047
"GOLD COAST",4006,2022,5,217755,220808,438563,9571,8649,18220,227326,229457,456783,-28.1644,153.5047
"GOLD COAST",4007,2022,6,231105,221148,452253,15210,16385,31595,246315,237533,483848,-28.1644,153.5047
"GOLD COAST",4008,2022,7,243878,245747,489625,26229,22633,48862,270107,268380,538487,-28.1644,153.5047
"GOLD COAST",4009,2022,8,216702,218038,434740,25503,25076,50579,242205,243114,485319,-28.1644,153.5047
"GOLD COAST",4010,2022,9,232538,227367,459905,26255,26290,52545,258793,253657,512450,-28.1644,153.5047
"GOLD COAST",4011,2022,10,237083,237880,474963,27812,26387,54199,264895,264267,529162,-28.1644,153.5047
"GOLD COAST",4012,2022,11,231294,233057,464351,28108,29278,57386,259402,262335,521737,-28.1644,153.5047
"GOLD COAST",4013,2022,12,243465,234968,478433,27094,28518,55612,270559,263486,534045,-28.1644,153.5047
"GOLD COAST",4014,2023,1,248670,261906,510576,32363,28659,61022,281033,290565,571598,-28.1644,153.5047
"GOLD COAST",4015,2023,2,188231,187276,375507,28225,26802,55027,216456,214078,430534,-28.1644,153.5047
"GOLD COAST",4016,2023,3,211524,213378,424902,30936,30210,61146,242460,243588,486048,-28.1644,153.5047
"GOLD COAST",4017,2023,4,229806,228478,458284,39214,36705,75919,269020,265183,534203,-28.1644,153.5047
"GOLD COAST",4018,2023,5,205362,205698,411060,32887,30946,63833,238249,236644,474893,-28.1644,153.5047
"GOLD COAST",4019,2023,6,209560,201489,411049,35099,37464,72563,244659,238953,483612,-28.1644,153.5047
"GOLD COAST",4020,2023,7,238507,241729,480236,43785,36661,80446,282292,278390,560682,-28.1644,153.5047
"GOLD COAST",4021,2023,8,218772,220353,439125,34098,33112,67210,252870,253465,506335,-28.1644,153.5047
"GOLD COAST",4022,2023,9,244452,236402,480854,36804,37399,74203,281256,273801,555057,-28.1644,153.5047
"GOLD COAST",4023,2023,10,240543,246162,486705,36152,33809,69961,276695,279971,556666,-28.1644,153.5047
"GOLD COAST",4024,2023,11,229172,231813,460985,25198,26729,51927,254370,258542,512912,-28.1644,153.5047
"HAMILTON ISLAND",4433,2019,1,18734,21179,39913,0,0,0,18734,21179,39913,-20.358,148.951
"HAMILTON ISLAND",4434,2019,2,15354,15844,31198,0,0,0,15354,15844,31198,-20.358,148.951
"HAMILTON ISLAND",4435,2019,3,15182,15103,30285,0,0,0,15182,15103,30285,-20.358,148.951
"HAMILTON ISLAND",4436,2019,4,18466,18217,36683,0,0,0,18466,18217,36683,-20.358,148.951
"HAMILTON ISLAND",4437,2019,5,13986,14324,28310,0,0,0,13986,14324,28310,-20.358,148.951
"HAMILTON ISLAND",4438,2019,6,14973,13789,28762,0,0,0,14973,13789,28762,-20.358,148.951
"HAMILTON ISLAND",4439,2019,7,19871,20944,40815,0,0,0,19871,20944,40815,-20.358,148.951
"HAMILTON ISLAND",4440,2019,8,19838,19645,39483,0,0,0,19838,19645,39483,-20.358,148.951
"HAMILTON ISLAND",4441,2019,9,22853,21528,44381,0,0,0,22853,21528,44381,-20.358,148.951
"HAMILTON ISLAND",4442,2019,10,22524,24536,47060,0,0,0,22524,24536,47060,-20.358,148.951
"HAMILTON ISLAND",4443,2019,11,20579,20977,41556,0,0,0,20579,20977,41556,-20.358,148.951
"HAMILTON ISLAND",4444,2019,12,23078,21022,44100,0,0,0,23078,21022,44100,-20.358,148.951
"HAMILTON ISLAND",4445,2020,1,22712,25497,48209,0,0,0,22712,25497,48209,-20.358,148.951
"HAMILTON ISLAND",4446,2020,2,14231,14505,28736,0,0,0,14231,14505,28736,-20.358,148.951
"HAMILTON ISLAND",4447,2020,3,10071,12473,22544,0,0,0,10071,12473,22544,-20.358,148.951
"HAMILTON ISLAND",4448,2020,4,0,0,0,0,0,0,0,0,0,-20.358,148.951
"HAMILTON ISLAND",4449,2020,5,0,0,0,0,0,0,0,0,0,-20.358,148.951
"HAMILTON ISLAND",4450,2020,6,0,0,0,0,0,0,0,0,0,-20.358,148.951
"HAMILTON ISLAND",4451,2020,7,254,103,357,0,0,0,254,103,357,-20.358,148.951
"HAMILTON ISLAND",4452,2020,8,4259,3940,8199,0,0,0,4259,3940,8199,-20.358,148.951
"HAMILTON ISLAND",4453,2020,9,8241,7285,15526,0,0,0,8241,7285,15526,-20.358,148.951
"HAMILTON ISLAND",4454,2020,10,8730,9254,17984,0,0,0,8730,9254,17984,-20.358,148.951
"HAMILTON ISLAND",4455,2020,11,9643,9220,18863,0,0,0,9643,9220,18863,-20.358,148.951
"HAMILTON ISLAND",4456,2020,12,14690,13664,28354,0,0,0,14690,13664,28354,-20.358,148.951
"HAMILTON ISLAND",4457,2021,1,10317,12310,22627,0,0,0,10317,12310,22627,-20.358,148.951
"HAMILTON ISLAND",4458,2021,2,11631,10806,22437,0,0,0,11631,10806,22437,-20.358,148.951
"HAMILTON ISLAND",4459,2021,3,18225,17235,35460,0,0,0,18225,17235,35460,-20.358,148.951
"HAMILTON ISLAND",4460,2021,4,20772,20463,41235,0,0,0,20772,20463,41235,-20.358,148.951
"HAMILTON ISLAND",4461,2021,5,19954,21048,41002,0,0,0,19954,21048,41002,-20.358,148.951
"HAMILTON ISLAND",4462,2021,6,17249,16271,33520,0,0,0,17249,16271,33520,-20.358,148.951
"HAMILTON ISLAND",4463,2021,7,10794,13887,24681,0,0,0,10794,13887,24681,-20.358,148.951
"HAMILTON ISLAND",4464,2021,8,4340,4691,9031,0,0,0,4340,4691,9031,-20.358,148.951
"HAMILTON ISLAND",4465,2021,9,10406,9404,19810,0,0,0,10406,9404,19810,-20.358,148.951
"HAMILTON ISLAND",4466,2021,10,11625,12654,24279,0,0,0,11625,12654,24279,-20.358,148.951
"HAMILTON ISLAND",4467,2021,11,10789,10601,21390,0,0,0,10789,10601,21390,-20.358,148.951
"HAMILTON ISLAND",4468,2021,12,17026,14663,31689,0,0,0,17026,14663,31689,-20.358,148.951
"HAMILTON ISLAND",4469,2022,1,14446,16313,30759,0,0,0,14446,16313,30759,-20.358,148.951
"HAMILTON ISLAND",4470,2022,2,16502,16129,32631,0,0,0,16502,16129,32631,-20.358,148.951
"HAMILTON ISLAND",4471,2022,3,19756,19377,39133,0,0,0,19756,19377,39133,-20.358,148.951
"HAMILTON ISLAND",4472,2022,4,22722,22756,45478,0,0,0,22722,22756,45478,-20.358,148.951
"HAMILTON ISLAND",4473,2022,5,20748,21417,42165,0,0,0,20748,21417,42165,-20.358,148.951
"HAMILTON ISLAND",4474,2022,6,21297,19433,40730,0,0,0,21297,19433,40730,-20.358,148.951
"HAMILTON ISLAND",4475,2022,7,22580,24049,46629,0,0,0,22580,24049,46629,-20.358,148.951
"HAMILTON ISLAND",4476,2022,8,19831,20154,39985,0,0,0,19831,20154,39985,-20.358,148.951
"HAMILTON ISLAND",4477,2022,9,23457,21920,45377,0,0,0,23457,21920,45377,-20.358,148.951
"HAMILTON ISLAND",4478,2022,10,23848,25602,49450,0,0,0,23848,25602,49450,-20.358,148.951
"HAMILTON ISLAND",4479,2022,11,21402,22093,43495,0,0,0,21402,22093,43495,-20.358,148.951
"HAMILTON ISLAND",4480,2022,12,22644,21576,44220,0,0,0,22644,21576,44220,-20.358,148.951
"HAMILTON ISLAND",4481,2023,1,22244,25226,47470,0,0,0,22244,25226,47470,-20.358,148.951
"HAMILTON ISLAND",4482,2023,2,15672,16084,31756,0,0,0,15672,16084,31756,-20.358,148.951
"HAMILTON ISLAND",4483,2023,3,19639,19003,38642,0,0,0,19639,19003,38642,-20.358,148.951
"HAMILTON ISLAND",4484,2023,4,21237,21644,42881,0,0,0,21237,21644,42881,-20.358,148.951
"HAMILTON ISLAND",4485,2023,5,16799,17715,34514,0,0,0,16799,17715,34514,-20.358,148.951
"HAMILTON ISLAND",4486,2023,6,18886,16883,35769,0,0,0,18886,16883,35769,-20.358,148.951
"HAMILTON ISLAND",4487,2023,7,20977,22514,43491,0,0,0,20977,22514,43491,-20.358,148.951
"HAMILTON ISLAND",4488,2023,8,20181,20074,40255,0,0,0,20181,20074,40255,-20.358,148.951
"HAMILTON ISLAND",4489,2023,9,24692,23278,47970,0,0,0,24692,23278,47970,-20.358,148.951
"HAMILTON ISLAND",4490,2023,10,22003,24027,46030,0,0,0,22003,24027,46030,-20.358,148.951
"HAMILTON ISLAND",4491,2023,11,21715,21567,43282,0,0,0,21715,21567,43282,-20.358,148.951
"HOBART",4900,2019,1,130366,147840,278206,0,0,0,130366,147840,278206,-42.837,147.5055
"HOBART",4901,2019,2,118030,113881,231911,0,0,0,118030,113881,231911,-42.837,147.5055
"HOBART",4902,2019,3,120100,123918,244018,0,0,0,120100,123918,244018,-42.837,147.5055
"HOBART",4903,2019,4,114959,119517,234476,0,0,0,114959,119517,234476,-42.837,147.5055
"HOBART",4904,2019,5,95801,98915,194716,0,0,0,95801,98915,194716,-42.837,147.5055
"HOBART",4905,2019,6,100817,100831,201648,0,0,0,100817,100831,201648,-42.837,147.5055
"HOBART",4906,2019,7,109278,111707,220985,0,0,0,109278,111707,220985,-42.837,147.5055
"HOBART",4907,2019,8,101185,101926,203111,0,0,0,101185,101926,203111,-42.837,147.5055
"HOBART",4908,2019,9,108777,103743,212520,0,0,0,108777,103743,212520,-42.837,147.5055
"HOBART",4909,2019,10,121894,119785,241679,0,0,0,121894,119785,241679,-42.837,147.5055
"HOBART",4910,2019,11,123885,123263,247148,0,0,0,123885,123263,247148,-42.837,147.5055
"HOBART",4911,2019,12,144019,127302,271321,0,0,0,144019,127302,271321,-42.837,147.5055
"HOBART",4912,2020,1,135552,149565,285117,0,0,0,135552,149565,285117,-42.837,147.5055
"HOBART",4913,2020,2,115076,113163,228239,0,0,0,115076,113163,228239,-42.837,147.5055
"HOBART",4914,2020,3,72088,80867,152955,0,0,0,72088,80867,152955,-42.837,147.5055
"HOBART",4915,2020,4,780,1341,2121,0,0,0,780,1341,2121,-42.837,147.5055
"HOBART",4916,2020,5,1263,2003,3266,0,0,0,1263,2003,3266,-42.837,147.5055
"HOBART",4917,2020,6,2302,3099,5401,0,0,0,2302,3099,5401,-42.837,147.5055
"HOBART",4918,2020,7,2840,3618,6458,0,0,0,2840,3618,6458,-42.837,147.5055
"HOBART",4919,2020,8,2400,3050,5450,0,0,0,2400,3050,5450,-42.837,147.5055
"HOBART",4920,2020,9,2423,2660,5083,0,0,0,2423,2660,5083,-42.837,147.5055
"HOBART",4921,2020,10,4246,4699,8945,0,0,0,4246,4699,8945,-42.837,147.5055
"HOBART",4922,2020,11,23926,21419,45345,0,0,0,23926,21419,45345,-42.837,147.5055
"HOBART",4923,2020,12,72103,59180,131283,0,0,0,72103,59180,131283,-42.837,147.5055
"HOBART",4924,2021,1,59922,70307,130229,0,0,0,59922,70307,130229,-42.837,147.5055
"HOBART",4925,2021,2,50326,48098,98424,0,0,0,50326,48098,98424,-42.837,147.5055
"HOBART",4926,2021,3,76227,77215,153442,0,0,0,76227,77215,153442,-42.837,147.5055
"HOBART",4927,2021,4,93921,96316,190237,137,183,320,94058,96499,190557,-42.837,147.5055
"HOBART",4928,2021,5,74074,79535,153609,488,562,1050,74562,80097,154659,-42.837,147.5055
"HOBART",4929,2021,6,56217,52554,108771,689,702,1391,56906,53256,110162,-42.837,147.5055
"HOBART",4930,2021,7,38053,44465,82518,833,886,1719,38886,45351,84237,-42.837,147.5055
"HOBART",4931,2021,8,17404,18076,35480,0,0,0,17404,18076,35480,-42.837,147.5055
"HOBART",4932,2021,9,25466,24138,49604,0,0,0,25466,24138,49604,-42.837,147.5055
"HOBART",4933,2021,10,27175,26525,53700,0,0,0,27175,26525,53700,-42.837,147.5055
"HOBART",4934,2021,11,32624,32982,65606,0,0,0,32624,32982,65606,-42.837,147.5055
"HOBART",4935,2021,12,78179,61490,139669,0,0,0,78179,61490,139669,-42.837,147.5055
"HOBART",4936,2022,1,70894,85446,156340,0,0,0,70894,85446,156340,-42.837,147.5055
"HOBART",4937,2022,2,66138,64432,130570,0,0,0,66138,64432,130570,-42.837,147.5055
"HOBART",4938,2022,3,86896,89061,175957,0,0,0,86896,89061,175957,-42.837,147.5055
"HOBART",4939,2022,4,113765,118659,232424,0,0,0,113765,118659,232424,-42.837,147.5055
"HOBART",4940,2022,5,93746,96842,190588,0,0,0,93746,96842,190588,-42.837,147.5055
"HOBART",4941,2022,6,97517,93865,191382,0,0,0,97517,93865,191382,-42.837,147.5055
"HOBART",4942,2022,7,97861,105202,203063,753,716,1469,98614,105918,204532,-42.837,147.5055
"HOBART",4943,2022,8,85422,84173,169595,547,565,1112,85969,84738,170707,-42.837,147.5055
"HOBART",4944,2022,9,95823,90097,185920,947,904,1851,96770,91001,187771,-42.837,147.5055
"HOBART",4945,2022,10,103985,102869,206854,1508,1468,2976,105493,104337,209830,-42.837,147.5055
"HOBART",4946,2022,11,106859,106469,213328,1778,1801,3579,108637,108270,216907,-42.837,147.5055
"HOBART",4947,2022,12,123479,109511,232990,1730,1810,3540,125209,111321,236530,-42.837,147.5055
"HOBART",4948,2023,1,117108,131344,248452,2065,1997,4062,119173,133341,252514,-42.837,147.5055
"HOBART",4949,2023,2,106003,103872,209875,1576,1483,3059,107579,105355,212934,-42.837,147.5055
"HOBART",4950,2023,3,114440,117129,231569,1813,1830,3643,116253,118959,235212,-42.837,147.5055
"HOBART",4951,2023,4,105358,110247,215605,1788,1848,3636,107146,112095,219241,-42.837,147.5055
"HOBART",4952,2023,5,92852,97147,189999,905,965,1870,93757,98112,191869,-42.837,147.5055
"HOBART",4953,2023,6,98820,93843,192663,812,847,1659,99632,94690,194322,-42.837,147.5055
"HOBART",4954,2023,7,95521,102655,198176,808,873,1681,96329,103528,199857,-42.837,147.5055
"HOBART",4955,2023,8,92652,91560,184212,722,691,1413,93374,92251,185625,-42.837,147.5055
"HOBART",4956,2023,9,101661,96216,197877,907,889,1796,102568,97105,199673,-42.837,147.5055
"HOBART",4957,2023,10,112922,111912,224834,1328,1307,2635,114250,113219,227469,-42.837,147.5055
"HOBART",4958,2023,11,113296,111212,224508,1884,1970,3854,115180,113182,228362,-42.837,147.5055
"KARRATHA",5367,2019,1,19400,16331,35731,0,0,0,19400,16331,35731,-20.7122,116.7733
"KARRATHA",5368,2019,2,16700,17111,33811,0,0,0,16700,17111,33811,-20.7122,116.7733
"KARRATHA",5369,2019,3,17479,17698,35177,0,0,0,17479,17698,35177,-20.7122,116.7733
"KARRATHA",5370,2019,4,20502,19057,39559,0,0,0,20502,19057,39559,-20.7122,116.7733
"KARRATHA",5371,2019,5,19119,20624,39743,0,0,0,19119,20624,39743,-20.7122,116.7733
"KARRATHA",5372,2019,6,18533,18505,37038,0,0,0,18533,18505,37038,-20.7122,116.7733
"KARRATHA",5373,2019,7,21722,20762,42484,0,0,0,21722,20762,42484,-20.7122,116.7733
"KARRATHA",5374,2019,8,19737,21258,40995,0,0,0,19737,21258,40995,-20.7122,116.7733
"KARRATHA",5375,2019,9,20725,21035,41760,0,0,0,20725,21035,41760,-20.7122,116.7733
"KARRATHA",5376,2019,10,21900,21470,43370,0,0,0,21900,21470,43370,-20.7122,116.7733
"KARRATHA",5377,2019,11,20063,20591,40654,0,0,0,20063,20591,40654,-20.7122,116.7733
"KARRATHA",5378,2019,12,16792,20784,37576,0,0,0,16792,20784,37576,-20.7122,116.7733
"KARRATHA",5379,2020,1,21219,17595,38814,0,0,0,21219,17595,38814,-20.7122,116.7733
"KARRATHA",5380,2020,2,17774,17772,35546,0,0,0,17774,17772,35546,-20.7122,116.7733
"KARRATHA",5381,2020,3,13511,14175,27686,0,0,0,13511,14175,27686,-20.7122,116.7733
"KARRATHA",5382,2020,4,1530,1737,3267,0,0,0,1530,1737,3267,-20.7122,116.7733
"KARRATHA",5383,2020,5,1356,1295,2651,0,0,0,1356,1295,2651,-20.7122,116.7733
"KARRATHA",5384,2020,6,3414,3651,7065,0,0,0,3414,3651,7065,-20.7122,116.7733
"KARRATHA",5385,2020,7,7827,8130,15957,0,0,0,7827,8130,15957,-20.7122,116.7733
"KARRATHA",5386,2020,8,10688,9863,20551,0,0,0,10688,9863,20551,-20.7122,116.7733
"KARRATHA",5387,2020,9,14534,15897,30431,0,0,0,14534,15897,30431,-20.7122,116.7733
"KARRATHA",5388,2020,10,15131,16649,31780,0,0,0,15131,16649,31780,-20.7122,116.7733
"KARRATHA",5389,2020,11,15377,14915,30292,0,0,0,15377,14915,30292,-20.7122,116.7733
"KARRATHA",5390,2020,12,12869,16262,29131,0,0,0,12869,16262,29131,-20.7122,116.7733
"KARRATHA",5391,2021,1,14342,12861,27203,0,0,0,14342,12861,27203,-20.7122,116.7733
"KARRATHA",5392,2021,2,10817,10429,21246,0,0,0,10817,10429,21246,-20.7122,116.7733
"KARRATHA",5393,2021,3,17276,17120,34396,0,0,0,17276,17120,34396,-20.7122,116.7733
"KARRATHA",5394,2021,4,16465,16259,32724,0,0,0,16465,16259,32724,-20.7122,116.7733
"KARRATHA",5395,2021,5,18338,17735,36073,0,0,0,18338,17735,36073,-20.7122,116.7733
"KARRATHA",5396,2021,6,18619,18578,37197,0,0,0,18619,18578,37197,-20.7122,116.7733
"KARRATHA",5397,2021,7,18163,19152,37315,0,0,0,18163,19152,37315,-20.7122,116.7733
"KARRATHA",5398,2021,8,19918,19057,38975,0,0,0,19918,19057,38975,-20.7122,116.7733
"KARRATHA",5399,2021,9,19629,21612,41241,0,0,0,19629,21612,41241,-20.7122,116.7733
"KARRATHA",5400,2021,10,20141,20175,40316,0,0,0,20141,20175,40316,-20.7122,116.7733
"KARRATHA",5401,2021,11,20455,20392,40847,0,0,0,20455,20392,40847,-20.7122,116.7733
"KARRATHA",5402,2021,12,15836,19532,35368,0,0,0,15836,19532,35368,-20.7122,116.7733
"KARRATHA",5403,2022,1,17716,14557,32273,0,0,0,17716,14557,32273,-20.7122,116.7733
"KARRATHA",5404,2022,2,15234,15558,30792,0,0,0,15234,15558,30792,-20.7122,116.7733
"KARRATHA",5405,2022,3,18011,18331,36342,0,0,0,18011,18331,36342,-20.7122,116.7733
"KARRATHA",5406,2022,4,19106,18921,38027,0,0,0,19106,18921,38027,-20.7122,116.7733
"KARRATHA",5407,2022,5,20102,20666,40768,0,0,0,20102,20666,40768,-20.7122,116.7733
"KARRATHA",5408,2022,6,22178,22418,44596,0,0,0,22178,22418,44596,-20.7122,116.7733
"KARRATHA",5409,2022,7,22417,22435,44852,0,0,0,22417,22435,44852,-20.7122,116.7733
"KARRATHA",5410,2022,8,24231,24582,48813,0,0,0,24231,24582,48813,-20.7122,116.7733
"KARRATHA",5411,2022,9,22097,23867,45964,0,0,0,22097,23867,45964,-20.7122,116.7733
"KARRATHA",5412,2022,10,23665,22626,46291,0,0,0,23665,22626,46291,-20.7122,116.7733
"KARRATHA",5413,2022,11,23203,23462,46665,0,0,0,23203,23462,46665,-20.7122,116.7733
"KARRATHA",5414,2022,12,16595,22025,38620,0,0,0,16595,22025,38620,-20.7122,116.7733
"KARRATHA",5415,2023,1,21993,17416,39409,0,0,0,21993,17416,39409,-20.7122,116.7733
"KARRATHA",5416,2023,2,19746,19880,39626,0,0,0,19746,19880,39626,-20.7122,116.7733
"KARRATHA",5417,2023,3,22296,23103,45399,0,0,0,22296,23103,45399,-20.7122,116.7733
"KARRATHA",5418,2023,4,20923,20892,41815,0,0,0,20923,20892,41815,-20.7122,116.7733
"KARRATHA",5419,2023,5,24409,23182,47591,0,0,0,24409,23182,47591,-20.7122,116.7733
"KARRATHA",5420,2023,6,22882,23806,46688,0,0,0,22882,23806,46688,-20.7122,116.7733
"KARRATHA",5421,2023,7,23656,23968,47624,0,0,0,23656,23968,47624,-20.7122,116.7733
"KARRATHA",5422,2023,8,24946,25080,50026,0,0,0,24946,25080,50026,-20.7122,116.7733
"KARRATHA",5423,2023,9,22499,24610,47109,0,0,0,22499,24610,47109,-20.7122,116.7733
"KARRATHA",5424,2023,10,25498,24074,49572,0,0,0,25498,24074,49572,-20.7122,116.7733
"KARRATHA",5425,2023,11,24535,25294,49829,0,0,0,24535,25294,49829,-20.7122,116.7733
"LAUNCESTON",5834,2019,1,70824,79017,149841,0,0,0,70824,79017,149841,-41.545,147.214
"LAUNCESTON",5835,2019,2,58763,58499,117262,0,0,0,58763,58499,117262,-41.545,147.214
"LAUNCESTON",5836,2019,3,61397,64660,126057,0,0,0,61397,64660,126057,-41.545,147.214
"LAUNCESTON",5837,2019,4,63263,65723,128986,0,0,0,63263,65723,128986,-41.545,147.214
"LAUNCESTON",5838,2019,5,46938,49185,96123,0,0,0,46938,49185,96123,-41.545,147.214
"LAUNCESTON",5839,2019,6,45516,45744,91260,0,0,0,45516,45744,91260,-41.545,147.214
"LAUNCESTON",5840,2019,7,56217,56811,113028,0,0,0,56217,56811,113028,-41.545,147.214
"LAUNCESTON",5841,2019,8,46984,48107,95091,0,0,0,46984,48107,95091,-41.545,147.214
"LAUNCESTON",5842,2019,9,52095,49663,101758,0,0,0,52095,49663,101758,-41.545,147.214
"LAUNCESTON",5843,2019,10,58756,57738,116494,0,0,0,58756,57738,116494,-41.545,147.214
"LAUNCESTON",5844,2019,11,60389,59006,119395,0,0,0,60389,59006,119395,-41.545,147.214
"LAUNCESTON",5845,2019,12,74773,65236,140009,0,0,0,74773,65236,140009,-41.545,147.214
"LAUNCESTON",5846,2020,1,68722,77376,146098,0,0,0,68722,77376,146098,-41.545,147.214
"LAUNCESTON",5847,2020,2,56306,55972,112278,0,0,0,56306,55972,112278,-41.545,147.214
"LAUNCESTON",5848,2020,3,36699,39219,75918,0,0,0,36699,39219,75918,-41.545,147.214
"LAUNCESTON",5849,2020,4,301,475,776,0,0,0,301,475,776,-41.545,147.214
"LAUNCESTON",5850,2020,5,348,362,710,0,0,0,348,362,710,-41.545,147.214
"LAUNCESTON",5851,2020,6,994,1097,2091,0,0,0,994,1097,2091,-41.545,147.214
"LAUNCESTON",5852,2020,7,2039,2584,4623,0,0,0,2039,2584,4623,-41.545,147.214
"LAUNCESTON",5853,2020,8,1958,1949,3907,0,0,0,1958,1949,3907,-41.545,147.214
"LAUNCESTON",5854,2020,9,2189,2270,4459,0,0,0,2189,2270,4459,-41.545,147.214
"LAUNCESTON",5855,2020,10,3012,3295,6307,0,0,0,3012,3295,6307,-41.545,147.214
"LAUNCESTON",5856,2020,11,12199,10832,23031,0,0,0,12199,10832,23031,-41.545,147.214
"LAUNCESTON",5857,2020,12,39377,32862,72239,0,0,0,39377,32862,72239,-41.545,147.214
"LAUNCESTON",5858,2021,1,30884,35633,66517,0,0,0,30884,35633,66517,-41.545,147.214
"LAUNCESTON",5859,2021,2,25746,24783,50529,0,0,0,25746,24783,50529,-41.545,147.214
"LAUNCESTON",5860,2021,3,41676,40711,82387,0,0,0,41676,40711,82387,-41.545,147.214
"LAUNCESTON",5861,2021,4,52434,54389,106823,0,0,0,52434,54389,106823,-41.545,147.214
"LAUNCESTON",5862,2021,5,37123,39118,76241,0,0,0,37123,39118,76241,-41.545,147.214
"LAUNCESTON",5863,2021,6,22667,20028,42695,0,0,0,22667,20028,42695,-41.545,147.214
"LAUNCESTON",5864,2021,7,17484,20248,37732,0,0,0,17484,20248,37732,-41.545,147.214
"LAUNCESTON",5865,2021,8,5689,5261,10950,0,0,0,5689,5261,10950,-41.545,147.214
"LAUNCESTON",5866,2021,9,9837,9622,19459,0,0,0,9837,9622,19459,-41.545,147.214
"LAUNCESTON",5867,2021,10,11763,12018,23781,0,0,0,11763,12018,23781,-41.545,147.214
"LAUNCESTON",5868,2021,11,15215,14125,29340,0,0,0,15215,14125,29340,-41.545,147.214
"LAUNCESTON",5869,2021,12,43457,32543,76000,0,0,0,43457,32543,76000,-41.545,147.214
"LAUNCESTON",5870,2022,1,36769,43049,79818,0,0,0,36769,43049,79818,-41.545,147.214
"LAUNCESTON",5871,2022,2,33632,32485,66117,0,0,0,33632,32485,66117,-41.545,147.214
"LAUNCESTON",5872,2022,3,44856,45684,90540,0,0,0,44856,45684,90540,-41.545,147.214
"LAUNCESTON",5873,2022,4,59180,61264,120444,0,0,0,59180,61264,120444,-41.545,147.214
"LAUNCESTON",5874,2022,5,46127,48106,94233,0,0,0,46127,48106,94233,-41.545,147.214
"LAUNCESTON",5875,2022,6,48324,46338,94662,0,0,0,48324,46338,94662,-41.545,147.214
"LAUNCESTON",5876,2022,7,49150,53985,103135,0,0,0,49150,53985,103135,-41.545,147.214
"LAUNCESTON",5877,2022,8,42551,41525,84076,0,0,0,42551,41525,84076,-41.545,147.214
"LAUNCESTON",5878,2022,9,47310,45217,92527,0,0,0,47310,45217,92527,-41.545,147.214
"LAUNCESTON",5879,2022,10,54641,53629,108270,0,0,0,54641,53629,108270,-41.545,147.214
"LAUNCESTON",5880,2022,11,54272,52480,106752,0,0,0,54272,52480,106752,-41.545,147.214
"LAUNCESTON",5881,2022,12,66830,58410,125240,0,0,0,66830,58410,125240,-41.545,147.214
"LAUNCESTON",5882,2023,1,64841,72368,137209,0,0,0,64841,72368,137209,-41.545,147.214
"LAUNCESTON",5883,2023,2,53698,53043,106741,0,0,0,53698,53043,106741,-41.545,147.214
"LAUNCESTON",5884,2023,3,61444,62794,124238,0,0,0,61444,62794,124238,-41.545,147.214
"LAUNCESTON",5885,2023,4,58683,61547,120230,0,0,0,58683,61547,120230,-41.545,147.214
"LAUNCESTON",5886,2023,5,46254,48868,95122,0,0,0,46254,48868,95122,-41.545,147.214
"LAUNCESTON",5887,2023,6,45907,44530,90437,0,0,0,45907,44530,90437,-41.545,147.214
"LAUNCESTON",5888,2023,7,50137,53942,104079,0,0,0,50137,53942,104079,-41.545,147.214
"LAUNCESTON",5889,2023,8,49495,49486,98981,0,0,0,49495,49486,98981,-41.545,147.214
"LAUNCESTON",5890,2023,9,51583,49988,101571,0,0,0,51583,49988,101571,-41.545,147.214
"LAUNCESTON",5891,2023,10,60348,58947,119295,0,0,0,60348,58947,119295,-41.545,147.214
"LAUNCESTON",5892,2023,11,63106,61336,124442,0,0,0,63106,61336,124442,-41.545,147.214
"MACKAY",6301,2019,1,31850,30538,62388,0,0,0,31850,30538,62388,-21.1717,149.1797
"MACKAY",6302,2019,2,29585,29908,59493,0,0,0,29585,29908,59493,-21.1717,149.1797
"MACKAY",6303,2019,3,33188,33773,66961,0,0,0,33188,33773,66961,-21.1717,149.1797
"MACKAY",6304,2019,4,33365,32740,66105,0,0,0,33365,32740,66105,-21.1717,149.1797
"MACKAY",6305,2019,5,35423,36124,71547,0,0,0,35423,36124,71547,-21.1717,149.1797
"MACKAY",6306,2019,6,34032,33917,67949,0,0,0,34032,33917,67949,-21.1717,149.1797
"MACKAY",6307,2019,7,37760,37019,74779,0,0,0,37760,37019,74779,-21.1717,149.1797
"MACKAY",6308,2019,8,37074,37973,75047,0,0,0,37074,37973,75047,-21.1717,149.1797
"MACKAY",6309,2019,9,37679,37658,75337,0,0,0,37679,37658,75337,-21.1717,149.1797
"MACKAY",6310,2019,10,38439,38581,77020,0,0,0,38439,38581,77020,-21.1717,149.1797
"MACKAY",6311,2019,11,35584,36180,71764,0,0,0,35584,36180,71764,-21.1717,149.1797
"MACKAY",6312,2019,12,35168,37092,72260,0,0,0,35168,37092,72260,-21.1717,149.1797
"MACKAY",6313,2020,1,34227,32672,66899,0,0,0,34227,32672,66899,-21.1717,149.1797
"MACKAY",6314,2020,2,31457,32056,63513,0,0,0,31457,32056,63513,-21.1717,149.1797
"MACKAY",6315,2020,3,26375,24390,50765,0,0,0,26375,24390,50765,-21.1717,149.1797
"MACKAY",6316,2020,4,3428,3753,7181,0,0,0,3428,3753,7181,-21.1717,149.1797
"MACKAY",6317,2020,5,3517,3674,7191,0,0,0,3517,3674,7191,-21.1717,149.1797
"MACKAY",6318,2020,6,8504,8404,16908,0,0,0,8504,8404,16908,-21.1717,149.1797
"MACKAY",6319,2020,7,15694,16265,31959,0,0,0,15694,16265,31959,-21.1717,149.1797
"MACKAY",6320,2020,8,15570,15854,31424,0,0,0,15570,15854,31424,-21.1717,149.1797
"MACKAY",6321,2020,9,17673,17700,35373,0,0,0,17673,17700,35373,-21.1717,149.1797
"MACKAY",6322,2020,10,20175,21086,41261,0,0,0,20175,21086,41261,-21.1717,149.1797
"MACKAY",6323,2020,11,22748,22440,45188,0,0,0,22748,22440,45188,-21.1717,149.1797
"MACKAY",6324,2020,12,26244,27338,53582,0,0,0,26244,27338,53582,-21.1717,149.1797
"MACKAY",6325,2021,1,20817,20329,41146,0,0,0,20817,20329,41146,-21.1717,149.1797
"MACKAY",6326,2021,2,22827,22922,45749,0,0,0,22827,22922,45749,-21.1717,149.1797
"MACKAY",6327,2021,3,28950,28178,57128,0,0,0,28950,28178,57128,-21.1717,149.1797
"MACKAY",6328,2021,4,29392,29525,58917,0,0,0,29392,29525,58917,-21.1717,149.1797
"MACKAY",6329,2021,5,33407,32991,66398,0,0,0,33407,32991,66398,-21.1717,149.1797
"MACKAY",6330,2021,6,31806,31349,63155,0,0,0,31806,31349,63155,-21.1717,149.1797
"MACKAY",6331,2021,7,26205,26675,52880,0,0,0,26205,26675,52880,-21.1717,149.1797
"MACKAY",6332,2021,8,18309,18095,36404,0,0,0,18309,18095,36404,-21.1717,149.1797
"MACKAY",6333,2021,9,27786,27921,55707,0,0,0,27786,27921,55707,-21.1717,149.1797
"MACKAY",6334,2021,10,26940,27633,54573,0,0,0,26940,27633,54573,-21.1717,149.1797
"MACKAY",6335,2021,11,28231,27476,55707,0,0,0,28231,27476,55707,-21.1717,149.1797
"MACKAY",6336,2021,12,29251,30472,59723,0,0,0,29251,30472,59723,-21.1717,149.1797
"MACKAY",6337,2022,1,21505,20304,41809,0,0,0,21505,20304,41809,-21.1717,149.1797
"MACKAY",6338,2022,2,21200,21624,42824,0,0,0,21200,21624,42824,-21.1717,149.1797
"MACKAY",6339,2022,3,29888,30223,60111,0,0,0,29888,30223,60111,-21.1717,149.1797
"MACKAY",6340,2022,4,35758,36248,72006,0,0,0,35758,36248,72006,-21.1717,149.1797
"MACKAY",6341,2022,5,36770,36153,72923,0,0,0,36770,36153,72923,-21.1717,149.1797
"MACKAY",6342,2022,6,38676,38928,77604,0,0,0,38676,38928,77604,-21.1717,149.1797
"MACKAY",6343,2022,7,38743,39542,78285,0,0,0,38743,39542,78285,-21.1717,149.1797
"MACKAY",6344,2022,8,38115,38071,76186,0,0,0,38115,38071,76186,-21.1717,149.1797
"MACKAY",6345,2022,9,38033,39124,77157,0,0,0,38033,39124,77157,-21.1717,149.1797
"MACKAY",6346,2022,10,38857,38747,77604,0,0,0,38857,38747,77604,-21.1717,149.1797
"MACKAY",6347,2022,11,38366,38712,77078,0,0,0,38366,38712,77078,-21.1717,149.1797
"MACKAY",6348,2022,12,34580,36537,71117,0,0,0,34580,36537,71117,-21.1717,149.1797
"MACKAY",6349,2023,1,33415,31430,64845,0,0,0,33415,31430,64845,-21.1717,149.1797
"MACKAY",6350,2023,2,32305,32930,65235,0,0,0,32305,32930,65235,-21.1717,149.1797
"MACKAY",6351,2023,3,38325,39130,77455,0,0,0,38325,39130,77455,-21.1717,149.1797
"MACKAY",6352,2023,4,35628,35865,71493,0,0,0,35628,35865,71493,-21.1717,149.1797
"MACKAY",6353,2023,5,38687,37989,76676,0,0,0,38687,37989,76676,-21.1717,149.1797
"MACKAY",6354,2023,6,37983,39085,77068,0,0,0,37983,39085,77068,-21.1717,149.1797
"MACKAY",6355,2023,7,39853,39438,79291,0,0,0,39853,39438,79291,-21.1717,149.1797
"MACKAY",6356,2023,8,39478,40206,79684,0,0,0,39478,40206,79684,-21.1717,149.1797
"MACKAY",6357,2023,9,40959,41124,82083,0,0,0,40959,41124,82083,-21.1717,149.1797
"MACKAY",6358,2023,10,40467,40500,80967,0,0,0,40467,40500,80967,-21.1717,149.1797
"MACKAY",6359,2023,11,39453,40720,80173,0,0,0,39453,40720,80173,-21.1717,149.1797
"MELBOURNE",6768,2019,1,1121723,1066341,2188064,568799,501288,1070087,1690522,1567629,3258151,-37.6733,144.8433
"MELBOURNE",6769,2019,2,981359,971364,1952723,483548,405796,889344,1464907,1377160,2842067,-37.6733,144.8433
"MELBOURNE",6770,2019,3,1086603,1092582,2179185,441993,443824,885817,1528596,1536406,3065002,-37.6733,144.8433
"MELBOURNE",6771,2019,4,1087004,1087168,2174172,454777,480480,935257,1541781,1567648,3109429,-37.6733,144.8433
"MELBOURNE",6772,2019,5,1010459,1006610,2017069,414406,429113,843519,1424865,1435723,2860588,-37.6733,144.8433
"MELBOURNE",6773,2019,6,944965,1000243,1945208,413493,488023,901516,1358458,1488266,2846724,-37.6733,144.8433
"MELBOURNE",6774,2019,7,1142322,1109884,2252206,532482,460719,993201,1674804,1570603,3245407,-37.6733,144.8433
"MELBOURNE",6775,2019,8,1080083,1074712,2154795,469163,473554,942717,1549246,1548266,3097512,-37.6733,144.8433
"MELBOURNE",6776,2019,9,1069451,1092161,2161612,459116,468307,927423,1528567,1560468,3089035,-37.6733,144.8433
"MELBOURNE",6777,2019,10,1187346,1159072,2346418,504030,427549,931579,1691376,1586621,3277997,-37.6733,144.8433
"MELBOURNE",6778,2019,11,1122505,1098922,2221427,460493,466560,927053,1582998,1565482,3148480,-37.6733,144.8433
"MELBOURNE",6779,2019,12,1084222,1138546,2222768,495779,575352,1071131,1580001,1713898,3293899,-37.6733,144.8433
"MELBOURNE",6780,2020,1,1116371,1053603,2169974,581276,514803,1096079,1697647,1568406,3266053,-37.6733,144.8433
"MELBOURNE",6781,2020,2,921157,934726,1855883,408642,334254,742896,1329799,1268980,2598779,-37.6733,144.8433
"MELBOURNE",6782,2020,3,624922,619391,1244313,244268,227490,471758,869190,846881,1716071,-37.6733,144.8433
"MELBOURNE",6783,2020,4,20061,21697,41758,5448,12355,17803,25509,34052,59561,-37.6733,144.8433
"MELBOURNE",6784,2020,5,29128,28400,57528,5643,9003,14646,34771,37403,72174,-37.6733,144.8433
"MELBOURNE",6785,2020,6,60190,62328,122518,6431,9456,15887,66621,71784,138405,-37.6733,144.8433
"MELBOURNE",6786,2020,7,29537,31636,61173,49,12705,12754,29586,44341,73927,-37.6733,144.8433
"MELBOURNE",6787,2020,8,6854,13444,20298,0,14761,14761,6854,28205,35059,-37.6733,144.8433
"MELBOURNE",6788,2020,9,8430,14941,23371,0,12320,12320,8430,27261,35691,-37.6733,144.8433
"MELBOURNE",6789,2020,10,12720,14654,27374,0,10603,10603,12720,25257,37977,-37.6733,144.8433
"MELBOURNE",6790,2020,11,48680,50242,98922,511,8346,8857,49191,58588,107779,-37.6733,144.8433
"MELBOURNE",6791,2020,12,340896,398933,739829,5098,10989,16087,345994,409922,755916,-37.6733,144.8433
"MELBOURNE",6792,2021,1,338480,286543,625023,6753,10340,17093,345233,296883,642116,-37.6733,144.8433
"MELBOURNE",6793,2021,2,207398,195779,403177,3119,8122,11241,210517,203901,414418,-37.6733,144.8433
"MELBOURNE",6794,2021,3,479091,494543,973634,1798,8153,9951,480889,502696,983585,-37.6733,144.8433
"MELBOURNE",6795,2021,4,702091,692032,1394123,10375,16770,27145,712466,708802,1421268,-37.6733,144.8433
"MELBOURNE",6796,2021,5,599667,601938,1201605,25732,24656,50388,625399,626594,1251993,-37.6733,144.8433
"MELBOURNE",6797,2021,6,152189,168931,321120,10613,14502,25115,162802,183433,346235,-37.6733,144.8433
"MELBOURNE",6798,2021,7,225224,184414,409638,22227,26795,49022,247451,211209,458660,-37.6733,144.8433
"MELBOURNE",6799,2021,8,33142,25526,58668,3681,8033,11714,36823,33559,70382,-37.6733,144.8433
"MELBOURNE",6800,2021,9,15886,15063,30949,2201,7918,10119,18087,22981,41068,-37.6733,144.8433
"MELBOURNE",6801,2021,10,21168,15719,36887,2111,9855,11966,23279,25574,48853,-37.6733,144.8433
"MELBOURNE",6802,2021,11,165347,169714,335061,19788,25339,45127,185135,195053,380188,-37.6733,144.8433
"MELBOURNE",6803,2021,12,451517,522284,973801,64060,63649,127709,515577,585933,1101510,-37.6733,144.8433
"MELBOURNE",6804,2022,1,571917,515075,1086992,84811,58865,143676,656728,573940,1230668,-37.6733,144.8433
"MELBOURNE",6805,2022,2,496393,503676,1000069,89738,54225,143963,586131,557901,1144032,-37.6733,144.8433
"MELBOURNE",6806,2022,3,753316,751571,1504887,107926,95493,203419,861242,847064,1708306,-37.6733,144.8433
"MELBOURNE",6807,2022,4,958109,966159,1924268,157741,163915,321656,1115850,1130074,2245924,-37.6733,144.8433
"MELBOURNE",6808,2022,5,861600,868868,1730468,182478,180486,362964,1044078,1049354,2093432,-37.6733,144.8433
"MELBOURNE",6809,2022,6,886863,942296,1829159,211256,253957,465213,1098119,1196253,2294372,-37.6733,144.8433
"MELBOURNE",6810,2022,7,980671,937906,1918577,318139,273435,591574,1298810,1211341,2510151,-37.6733,144.8433
"MELBOURNE",6811,2022,8,871004,884415,1755419,289587,260606,550193,1160591,1145021,2305612,-37.6733,144.8433
"MELBOURNE",6812,2022,9,942733,938395,1881128,300395,284303,584698,1243128,1222698,2465826,-37.6733,144.8433
"MELBOURNE",6813,2022,10,962271,980846,1943117,335167,273556,608723,1297438,1254402,2551840,-37.6733,144.8433
"MELBOURNE",6814,2022,11,949257,930494,1879751,333340,322667,656007,1282597,1253161,2535758,-37.6733,144.8433
"MELBOURNE",6815,2022,12,918537,937459,1855996,353353,422088,775441,1271890,1359547,2631437,-37.6733,144.8433
"MELBOURNE",6816,2023,1,951384,924241,1875625,445135,385246,830381,1396519,1309487,2706006,-37.6733,144.8433
"MELBOURNE",6817,2023,2,821901,821353,1643254,381441,282806,664247,1203342,1104159,2307501,-37.6733,144.8433
"MELBOURNE",6818,2023,3,997609,978577,1976186,370815,352659,723474,1368424,1331236,2699660,-37.6733,144.8433
"MELBOURNE",6819,2023,4,948194,972933,1921127,380077,397622,777699,1328271,1370555,2698826,-37.6733,144.8433
"MELBOURNE",6820,2023,5,919970,928001,1847971,356854,382672,739526,1276824,1310673,2587497,-37.6733,144.8433
"MELBOURNE",6821,2023,6,891770,939062,1830832,376556,443993,820549,1268326,1383055,2651381,-37.6733,144.8433
"MELBOURNE",6822,2023,7,1009111,981811,1990922,499513,416165,915678,1508624,1397976,2906600,-37.6733,144.8433
"MELBOURNE",6823,2023,8,972529,981256,1953785,430491,418894,849385,1403020,1400150,2803170,-37.6733,144.8433
"MELBOURNE",6824,2023,9,1003307,988183,1991490,453183,438763,891946,1456490,1426946,2883436,-37.6733,144.8433
"MELBOURNE",6825,2023,10,1040251,1061215,2101466,481237,403512,884749,1521488,1464727,2986215,-37.6733,144.8433
"MELBOURNE",6826,2023,11,1040114,1028416,2068530,434191,441269,875460,1474305,1469685,2943990,-37.6733,144.8433
"NEWCASTLE",7235,2019,1,53197,53766,106963,1575,1278,2853,54772,55044,109816,-32.795,151.8333
"NEWCASTLE",7236,2019,2,45697,46100,91797,619,475,1094,46316,46575,92891,-32.795,151.8333
"NEWCASTLE",7237,2019,3,53342,53523,106865,0,0,0,53342,53523,106865,-32.795,151.8333
"NEWCASTLE",7238,2019,4,53436,53930,107366,0,0,0,53436,53930,107366,-32.795,151.8333
"NEWCASTLE",7239,2019,5,51067,51398,102465,0,0,0,51067,51398,102465,-32.795,151.8333
"NEWCASTLE",7240,2019,6,49209,48677,97886,0,0,0,49209,48677,97886,-32.795,151.8333
"NEWCASTLE",7241,2019,7,54497,55290,109787,0,0,0,54497,55290,109787,-32.795,151.8333
"NEWCASTLE",7242,2019,8,52640,51999,104639,0,0,0,52640,51999,104639,-32.795,151.8333
"NEWCASTLE",7243,2019,9,53249,53411,106660,0,0,0,53249,53411,106660,-32.795,151.8333
"NEWCASTLE",7244,2019,10,59321,59179,118500,0,0,0,59321,59179,118500,-32.795,151.8333
"NEWCASTLE",7245,2019,11,55892,55878,111770,265,364,629,56157,56242,112399,-32.795,151.8333
"NEWCASTLE",7246,2019,12,53867,52369,106236,1225,1323,2548,55092,53692,108784,-32.795,151.8333
"NEWCASTLE",7247,2020,1,52332,52937,105269,1665,1425,3090,53997,54362,108359,-32.795,151.8333
"NEWCASTLE",7248,2020,2,46233,46207,92440,625,479,1104,46858,46686,93544,-32.795,151.8333
"NEWCASTLE",7249,2020,3,31344,30200,61544,0,0,0,31344,30200,61544,-32.795,151.8333
"NEWCASTLE",7250,2020,4,247,189,436,0,0,0,247,189,436,-32.795,151.8333
"NEWCASTLE",7251,2020,5,202,203,405,0,0,0,202,203,405,-32.795,151.8333
"NEWCASTLE",7252,2020,6,1087,1016,2103,0,0,0,1087,1016,2103,-32.795,151.8333
"NEWCASTLE",7253,2020,7,7474,8291,15765,0,0,0,7474,8291,15765,-32.795,151.8333
"NEWCASTLE",7254,2020,8,3077,2296,5373,0,0,0,3077,2296,5373,-32.795,151.8333
"NEWCASTLE",7255,2020,9,812,823,1635,0,0,0,812,823,1635,-32.795,151.8333
"NEWCASTLE",7256,2020,10,1179,914,2093,0,0,0,1179,914,2093,-32.795,151.8333
"NEWCASTLE",7257,2020,11,15158,15305,30463,0,0,0,15158,15305,30463,-32.795,151.8333
"NEWCASTLE",7258,2020,12,31394,32309,63703,0,0,0,31394,32309,63703,-32.795,151.8333
"NEWCASTLE",7259,2021,1,18498,18060,36558,0,0,0,18498,18060,36558,-32.795,151.8333
"NEWCASTLE",7260,2021,2,23499,24066,47565,0,0,0,23499,24066,47565,-32.795,151.8333
"NEWCASTLE",7261,2021,3,31863,31887,63750,0,0,0,31863,31887,63750,-32.795,151.8333
"NEWCASTLE",7262,2021,4,39497,39748,79245,0,0,0,39497,39748,79245,-32.795,151.8333
"NEWCASTLE",7263,2021,5,38360,38721,77081,0,0,0,38360,38721,77081,-32.795,151.8333
"NEWCASTLE",7264,2021,6,27885,29026,56911,0,0,0,27885,29026,56911,-32.795,151.8333
"NEWCASTLE",7265,2021,7,13291,11879,25170,0,0,0,13291,11879,25170,-32.795,151.8333
"NEWCASTLE",7266,2021,8,1301,984,2285,0,0,0,1301,984,2285,-32.795,151.8333
"NEWCASTLE",7267,2021,9,831,603,1434,0,0,0,831,603,1434,-32.795,151.8333
"NEWCASTLE",7268,2021,10,1504,1372,2876,0,0,0,1504,1372,2876,-32.795,151.8333
"NEWCASTLE",7269,2021,11,9886,9765,19651,0,0,0,9886,9765,19651,-32.795,151.8333
"NEWCASTLE",7270,2021,12,23849,23949,47798,0,0,0,23849,23949,47798,-32.795,151.8333
"NEWCASTLE",7271,2022,1,26741,27333,54074,0,0,0,26741,27333,54074,-32.795,151.8333
"NEWCASTLE",7272,2022,2,26946,27306,54252,0,0,0,26946,27306,54252,-32.795,151.8333
"NEWCASTLE",7273,2022,3,39436,39485,78921,0,0,0,39436,39485,78921,-32.795,151.8333
"NEWCASTLE",7274,2022,4,53597,53244,106841,0,0,0,53597,53244,106841,-32.795,151.8333
"NEWCASTLE",7275,2022,5,46049,46899,92948,0,0,0,46049,46899,92948,-32.795,151.8333
"NEWCASTLE",7276,2022,6,43845,43965,87810,0,0,0,43845,43965,87810,-32.795,151.8333
"NEWCASTLE",7277,2022,7,45478,46645,92123,0,0,0,45478,46645,92123,-32.795,151.8333
"NEWCASTLE",7278,2022,8,42540,42309,84849,0,0,0,42540,42309,84849,-32.795,151.8333
"NEWCASTLE",7279,2022,9,45920,47185,93105,0,0,0,45920,47185,93105,-32.795,151.8333
"NEWCASTLE",7280,2022,10,49971,48395,98366,0,0,0,49971,48395,98366,-32.795,151.8333
"NEWCASTLE",7281,2022,11,47167,47413,94580,0,0,0,47167,47413,94580,-32.795,151.8333
"NEWCASTLE",7282,2022,12,43492,41951,85443,0,0,0,43492,41951,85443,-32.795,151.8333
"NEWCASTLE",7283,2023,1,42531,42760,85291,0,0,0,42531,42760,85291,-32.795,151.8333
"NEWCASTLE",7284,2023,2,38929,39363,78292,0,0,0,38929,39363,78292,-32.795,151.8333
"NEWCASTLE",7285,2023,3,47410,47959,95369,0,0,0,47410,47959,95369,-32.795,151.8333
"NEWCASTLE",7286,2023,4,48406,48215,96621,0,0,0,48406,48215,96621,-32.795,151.8333
"NEWCASTLE",7287,2023,5,47200,47583,94783,0,0,0,47200,47583,94783,-32.795,151.8333
"NEWCASTLE",7288,2023,6,45514,45830,91344,0,0,0,45514,45830,91344,-32.795,151.8333
"NEWCASTLE",7289,2023,7,51559,52371,103930,0,0,0,51559,52371,103930,-32.795,151.8333
"NEWCASTLE",7290,2023,8,49184,48597,97781,0,0,0,49184,48597,97781,-32.795,151.8333
"NEWCASTLE",7291,2023,9,51857,52814,104671,0,0,0,51857,52814,104671,-32.795,151.8333
"NEWCASTLE",7292,2023,10,55192,53632,108824,0,0,0,55192,53632,108824,-32.795,151.8333
"NEWCASTLE",7293,2023,11,52195,52542,104737,0,0,0,52195,52542,104737,-32.795,151.8333
"PERTH",7702,2019,1,333792,355008,688800,230405,191656,422061,564197,546664,1110861,-31.9403,115.9666
"PERTH",7703,2019,2,292431,290188,582619,177469,147449,324918,469900,437637,907537,-31.9403,115.9666
"PERTH",7704,2019,3,327527,324347,651874,163843,169358,333201,491370,493705,985075,-31.9403,115.9666
"PERTH",7705,2019,4,344871,346786,691657,171753,185698,357451,516624,532484,1049108,-31.9403,115.9666
"PERTH",7706,2019,5,329652,330261,659913,158107,163144,321251,487759,493405,981164,-31.9403,115.9666
"PERTH",7707,2019,6,315356,306689,622045,155018,180664,335682,470374,487353,957727,-31.9403,115.9666
"PERTH",7708,2019,7,362677,370477,733154,203301,180135,383436,565978,550612,1116590,-31.9403,115.9666
"PERTH",7709,2019,8,343016,336164,679180,180370,178650,359020,523386,514814,1038200,-31.9403,115.9666
"PERTH",7710,2019,9,339702,339996,679698,180961,185024,365985,520663,525020,1045683,-31.9403,115.9666
"PERTH",7711,2019,10,377209,376475,753684,205797,171561,377358,583006,548036,1131042,-31.9403,115.9666
"PERTH",7712,2019,11,348086,343342,691428,180935,176849,357784,529021,520191,1049212,-31.9403,115.9666
"PERTH",7713,2019,12,367525,348759,716284,190795,234238,425033,558320,582997,1141317,-31.9403,115.9666
"PERTH",7714,2020,1,336945,359009,695954,238157,204575,442732,575102,563584,1138686,-31.9403,115.9666
"PERTH",7715,2020,2,297652,300717,598369,169482,135267,304749,467134,435984,903118,-31.9403,115.9666
"PERTH",7716,2020,3,233956,226081,460037,93680,84820,178500,327636,310901,638537,-31.9403,115.9666
"PERTH",7717,2020,4,17595,17136,34731,1696,5422,7118,19291,22558,41849,-31.9403,115.9666
"PERTH",7718,2020,5,15780,17204,32984,1141,2285,3426,16921,19489,36410,-31.9403,115.9666
"PERTH",7719,2020,6,29887,31756,61643,1652,2469,4121,31539,34225,65764,-31.9403,115.9666
"PERTH",7720,2020,7,53442,55274,108716,2702,3866,6568,56144,59140,115284,-31.9403,115.9666
"PERTH",7721,2020,8,58156,59012,117168,2038,4142,6180,60194,63154,123348,-31.9403,115.9666
"PERTH",7722,2020,9,78515,75161,153676,2038,2786,4824,80553,77947,158500,-31.9403,115.9666
"PERTH",7723,2020,10,90005,84295,174300,3497,3203,6700,93502,87498,181000,-31.9403,115.9666
"PERTH",7724,2020,11,104170,101412,205582,3648,2905,6553,107818,104317,212135,-31.9403,115.9666
"PERTH",7725,2020,12,163235,140723,303958,4096,3393,7489,167331,144116,311447,-31.9403,115.9666
"PERTH",7726,2021,1,119606,135005,254611,2997,2688,5685,122603,137693,260296,-31.9403,115.9666
"PERTH",7727,2021,2,93691,89784,183475,2249,2109,4358,95940,91893,187833,-31.9403,115.9666
"PERTH",7728,2021,3,192521,185740,378261,3573,2357,5930,196094,188097,384191,-31.9403,115.9666
"PERTH",7729,2021,4,218279,219323,437602,4569,3900,8469,222848,223223,446071,-31.9403,115.9666
"PERTH",7730,2021,5,225194,227822,453016,5451,6428,11879,230645,234250,464895,-31.9403,115.9666
"PERTH",7731,2021,6,203405,200554,403959,6887,6448,13335,210292,207002,417294,-31.9403,115.9666
"PERTH",7732,2021,7,134985,136530,271515,6570,7980,14550,141555,144510,286065,-31.9403,115.9666
"PERTH",7733,2021,8,136243,132964,269207,2894,2954,5848,139137,135918,275055,-31.9403,115.9666
"PERTH",7734,2021,9,159249,151192,310441,1316,2728,4044,160565,153920,314485,-31.9403,115.9666
"PERTH",7735,2021,10,159047,153702,312749,1436,3048,4484,160483,156750,317233,-31.9403,115.9666
"PERTH",7736,2021,11,166141,163799,329940,1295,4178,5473,167436,167977,335413,-31.9403,115.9666
"PERTH",7737,2021,12,129919,119443,249362,1660,4936,6596,131579,124379,255958,-31.9403,115.9666
"PERTH",7738,2022,1,82324,99652,181976,916,5815,6731,83240,105467,188707,-31.9403,115.9666
"PERTH",7739,2022,2,111832,92555,204387,1334,6318,7652,113166,98873,212039,-31.9403,115.9666
"PERTH",7740,2022,3,199907,187184,387091,26166,19622,45788,226073,206806,432879,-31.9403,115.9666
"PERTH",7741,2022,4,280604,273619,554223,49607,50958,100565,330211,324577,654788,-31.9403,115.9666
"PERTH",7742,2022,5,291176,291762,582938,56675,62118,118793,347851,353880,701731,-31.9403,115.9666
"PERTH",7743,2022,6,313411,307999,621410,71995,88871,160866,385406,396870,782276,-31.9403,115.9666
"PERTH",7744,2022,7,331277,332116,663393,106979,99663,206642,438256,431779,870035,-31.9403,115.9666
"PERTH",7745,2022,8,323527,315687,639214,108969,97490,206459,432496,413177,845673,-31.9403,115.9666
"PERTH",7746,2022,9,337380,333644,671024,115510,109928,225438,452890,443572,896462,-31.9403,115.9666
"PERTH",7747,2022,10,348557,343902,692459,128126,104582,232708,476683,448484,925167,-31.9403,115.9666
"PERTH",7748,2022,11,334653,333409,668062,131657,129121,260778,466310,462530,928840,-31.9403,115.9666
"PERTH",7749,2022,12,346758,326265,673023,132960,165623,298583,479718,491888,971606,-31.9403,115.9666
"PERTH",7750,2023,1,330336,344735,675071,177450,145653,323103,507786,490388,998174,-31.9403,115.9666
"PERTH",7751,2023,2,290466,295779,586245,156832,116727,273559,447298,412506,859804,-31.9403,115.9666
"PERTH",7752,2023,3,356856,349462,706318,151270,150223,301493,508126,499685,1007811,-31.9403,115.9666
"PERTH",7753,2023,4,340147,338989,679136,146858,155633,302491,487005,494622,981627,-31.9403,115.9666
"PERTH",7754,2023,5,338963,338929,677892,142937,152065,295002,481900,490994,972894,-31.9403,115.9666
"PERTH",7755,2023,6,324425,321743,646168,144937,167385,312322,469362,489128,958490,-31.9403,115.9666
"PERTH",7756,2023,7,353381,350117,703498,180536,159180,339716,533917,509297,1043214,-31.9403,115.9666
"PERTH",7757,2023,8,350137,343829,693966,172116,161123,333239,522253,504952,1027205,-31.9403,115.9666
"PERTH",7758,2023,9,351260,350195,701455,172558,172998,345556,523818,523193,1047011,-31.9403,115.9666
"PERTH",7759,2023,10,380166,376282,756448,186428,154767,341195,566594,531049,1097643,-31.9403,115.9666
"PERTH",7760,2023,11,373193,369375,742568,168013,169824,337837,541206,539199,1080405,-31.9403,115.9666
"PROSERPINE",7881,2019,1,18536,19795,38331,0,0,0,18536,19795,38331,-20.495,148.5522
"PROSERPINE",7882,2019,2,14441,14851,29292,0,0,0,14441,14851,29292,-20.495,148.5522
"PROSERPINE",7883,2019,3,16209,16151,32360,0,0,0,16209,16151,32360,-20.495,148.5522
"PROSERPINE",7884,2019,4,19048,18648,37696,0,0,0,19048,18648,37696,-20.495,148.5522
"PROSERPINE",7885,2019,5,15733,16071,31804,0,0,0,15733,16071,31804,-20.495,148.5522
"PROSERPINE",7886,2019,6,14909,14476,29385,0,0,0,14909,14476,29385,-20.495,148.5522
"PROSERPINE",7887,2019,7,19243,19486,38729,0,0,0,19243,19486,38729,-20.495,148.5522
"PROSERPINE",7888,2019,8,18760,19214,37974,0,0,0,18760,19214,37974,-20.495,148.5522
"PROSERPINE",7889,2019,9,19881,19373,39254,0,0,0,19881,19373,39254,-20.495,148.5522
"PROSERPINE",7890,2019,10,20514,21411,41925,0,0,0,20514,21411,41925,-20.495,148.5522
"PROSERPINE",7891,2019,11,18567,19106,37673,0,0,0,18567,19106,37673,-20.495,148.5522
"PROSERPINE",7892,2019,12,19715,19276,38991,0,0,0,19715,19276,38991,-20.495,148.5522
"PROSERPINE",7893,2020,1,20126,21409,41535,0,0,0,20126,21409,41535,-20.495,148.5522
"PROSERPINE",7894,2020,2,12850,13192,26042,0,0,0,12850,13192,26042,-20.495,148.5522
"PROSERPINE",7895,2020,3,9929,10658,20587,0,0,0,9929,10658,20587,-20.495,148.5522
"PROSERPINE",7896,2020,4,0,0,0,0,0,0,0,0,0,-20.495,148.5522
"PROSERPINE",7897,2020,5,0,0,0,0,0,0,0,0,0,-20.495,148.5522
"PROSERPINE",7898,2020,6,1266,1092,2358,0,0,0,1266,1092,2358,-20.495,148.5522
"PROSERPINE",7899,2020,7,8432,7792,16224,0,0,0,8432,7792,16224,-20.495,148.5522
"PROSERPINE",7900,2020,8,6557,6821,13378,0,0,0,6557,6821,13378,-20.495,148.5522
"PROSERPINE",7901,2020,9,8761,8067,16828,0,0,0,8761,8067,16828,-20.495,148.5522
"PROSERPINE",7902,2020,10,10239,10590,20829,0,0,0,10239,10590,20829,-20.495,148.5522
"PROSERPINE",7903,2020,11,9820,9923,19743,0,0,0,9820,9923,19743,-20.495,148.5522
"PROSERPINE",7904,2020,12,14433,13709,28142,0,0,0,14433,13709,28142,-20.495,148.5522
"PROSERPINE",7905,2021,1,11119,12490,23609,0,0,0,11119,12490,23609,-20.495,148.5522
"PROSERPINE",7906,2021,2,10299,10213,20512,0,0,0,10299,10213,20512,-20.495,148.5522
"PROSERPINE",7907,2021,3,14453,14016,28469,0,0,0,14453,14016,28469,-20.495,148.5522
"PROSERPINE",7908,2021,4,16223,16212,32435,0,0,0,16223,16212,32435,-20.495,148.5522
"PROSERPINE",7909,2021,5,14345,14464,28809,0,0,0,14345,14464,28809,-20.495,148.5522
"PROSERPINE",7910,2021,6,12513,11710,24223,0,0,0,12513,11710,24223,-20.495,148.5522
"PROSERPINE",7911,2021,7,10540,12183,22723,0,0,0,10540,12183,22723,-20.495,148.5522
"PROSERPINE",7912,2021,8,5865,6188,12053,0,0,0,5865,6188,12053,-20.495,148.5522
"PROSERPINE",7913,2021,9,12203,11000,23203,0,0,0,12203,11000,23203,-20.495,148.5522
"PROSERPINE",7914,2021,10,13044,13649,26693,0,0,0,13044,13649,26693,-20.495,148.5522
"PROSERPINE",7915,2021,11,13440,13706,27146,0,0,0,13440,13706,27146,-20.495,148.5522
"PROSERPINE",7916,2021,12,18479,16683,35162,0,0,0,18479,16683,35162,-20.495,148.5522
"PROSERPINE",7917,2022,1,18897,20768,39665,0,0,0,18897,20768,39665,-20.495,148.5522
"PROSERPINE",7918,2022,2,13561,13586,27147,0,0,0,13561,13586,27147,-20.495,148.5522
"PROSERPINE",7919,2022,3,17193,16632,33825,0,0,0,17193,16632,33825,-20.495,148.5522
"PROSERPINE",7920,2022,4,23962,23356,47318,0,0,0,23962,23356,47318,-20.495,148.5522
"PROSERPINE",7921,2022,5,18836,18806,37642,0,0,0,18836,18806,37642,-20.495,148.5522
"PROSERPINE",7922,2022,6,19622,18549,38171,0,0,0,19622,18549,38171,-20.495,148.5522
"PROSERPINE",7923,2022,7,20815,21527,42342,0,0,0,20815,21527,42342,-20.495,148.5522
"PROSERPINE",7924,2022,8,19834,20075,39909,0,0,0,19834,20075,39909,-20.495,148.5522
"PROSERPINE",7925,2022,9,21583,21160,42743,0,0,0,21583,21160,42743,-20.495,148.5522
"PROSERPINE",7926,2022,10,20715,21201,41916,0,0,0,20715,21201,41916,-20.495,148.5522
"PROSERPINE",7927,2022,11,17349,17783,35132,0,0,0,17349,17783,35132,-20.495,148.5522
"PROSERPINE",7928,2022,12,19622,19108,38730,0,0,0,19622,19108,38730,-20.495,148.5522
"PROSERPINE",7929,2023,1,18209,18825,37034,0,0,0,18209,18825,37034,-20.495,148.5522
"PROSERPINE",7930,2023,2,15250,15730,30980,0,0,0,15250,15730,30980,-20.495,148.5522
"PROSERPINE",7931,2023,3,19361,18776,38137,0,0,0,19361,18776,38137,-20.495,148.5522
"PROSERPINE",7932,2023,4,24326,24859,49185,0,0,0,24326,24859,49185,-20.495,148.5522
"PROSERPINE",7933,2023,5,19845,19781,39626,0,0,0,19845,19781,39626,-20.495,148.5522
"PROSERPINE",7934,2023,6,21623,20460,42083,0,0,0,21623,20460,42083,-20.495,148.5522
"PROSERPINE",7935,2023,7,23681,24606,48287,0,0,0,23681,24606,48287,-20.495,148.5522
"PROSERPINE",7936,2023,8,21693,22050,43743,0,0,0,21693,22050,43743,-20.495,148.5522
"PROSERPINE",7937,2023,9,22448,22349,44797,0,0,0,22448,22349,44797,-20.495,148.5522
"PROSERPINE",7938,2023,10,22646,23837,46483,0,0,0,22646,23837,46483,-20.495,148.5522
"PROSERPINE",7939,2023,11,20686,21159,41845,0,0,0,20686,21159,41845,-20.495,148.5522
"ROCKHAMPTON",8348,2019,1,21021,19909,40930,0,0,0,21021,19909,40930,-23.3819,150.475
"ROCKHAMPTON",8349,2019,2,20247,20267,40514,0,0,0,20247,20267,40514,-23.3819,150.475
"ROCKHAMPTON",8350,2019,3,23204,23353,46557,0,0,0,23204,23353,46557,-23.3819,150.475
"ROCKHAMPTON",8351,2019,4,22961,22699,45660,0,0,0,22961,22699,45660,-23.3819,150.475
"ROCKHAMPTON",8352,2019,5,24496,24526,49022,0,0,0,24496,24526,49022,-23.3819,150.475
"ROCKHAMPTON",8353,2019,6,23208,22846,46054,0,0,0,23208,22846,46054,-23.3819,150.475
"ROCKHAMPTON",8354,2019,7,27086,27017,54103,0,0,0,27086,27017,54103,-23.3819,150.475
"ROCKHAMPTON",8355,2019,8,24649,25631,50280,0,0,0,24649,25631,50280,-23.3819,150.475
"ROCKHAMPTON",8356,2019,9,25279,24781,50060,0,0,0,25279,24781,50060,-23.3819,150.475
"ROCKHAMPTON",8357,2019,10,26365,26282,52647,0,0,0,26365,26282,52647,-23.3819,150.475
"ROCKHAMPTON",8358,2019,11,23925,24665,48590,0,0,0,23925,24665,48590,-23.3819,150.475
"ROCKHAMPTON",8359,2019,12,23304,23822,47126,0,0,0,23304,23822,47126,-23.3819,150.475
"ROCKHAMPTON",8360,2020,1,21682,20775,42457,0,0,0,21682,20775,42457,-23.3819,150.475
"ROCKHAMPTON",8361,2020,2,20718,20712,41430,0,0,0,20718,20712,41430,-23.3819,150.475
"ROCKHAMPTON",8362,2020,3,16383,15076,31459,0,0,0,16383,15076,31459,-23.3819,150.475
"ROCKHAMPTON",8363,2020,4,1234,1271,2505,0,0,0,1234,1271,2505,-23.3819,150.475
"ROCKHAMPTON",8364,2020,5,2071,2088,4159,0,0,0,2071,2088,4159,-23.3819,150.475
"ROCKHAMPTON",8365,2020,6,4595,4698,9293,0,0,0,4595,4698,9293,-23.3819,150.475
"ROCKHAMPTON",8366,2020,7,8535,8745,17280,0,0,0,8535,8745,17280,-23.3819,150.475
"ROCKHAMPTON",8367,2020,8,8972,9209,18181,0,0,0,8972,9209,18181,-23.3819,150.475
"ROCKHAMPTON",8368,2020,9,10594,10633,21227,0,0,0,10594,10633,21227,-23.3819,150.475
"ROCKHAMPTON",8369,2020,10,12598,13364,25962,0,0,0,12598,13364,25962,-23.3819,150.475
"ROCKHAMPTON",8370,2020,11,14346,14156,28502,0,0,0,14346,14156,28502,-23.3819,150.475
"ROCKHAMPTON",8371,2020,12,16667,16649,33316,0,0,0,16667,16649,33316,-23.3819,150.475
"ROCKHAMPTON",8372,2021,1,12142,12504,24646,0,0,0,12142,12504,24646,-23.3819,150.475
"ROCKHAMPTON",8373,2021,2,14433,14563,28996,0,0,0,14433,14563,28996,-23.3819,150.475
"ROCKHAMPTON",8374,2021,3,18678,18454,37132,0,0,0,18678,18454,37132,-23.3819,150.475
"ROCKHAMPTON",8375,2021,4,18320,18576,36896,0,0,0,18320,18576,36896,-23.3819,150.475
"ROCKHAMPTON",8376,2021,5,21818,21819,43637,0,0,0,21818,21819,43637,-23.3819,150.475
"ROCKHAMPTON",8377,2021,6,19783,19784,39567,0,0,0,19783,19784,39567,-23.3819,150.475
"ROCKHAMPTON",8378,2021,7,15748,16180,31928,0,0,0,15748,16180,31928,-23.3819,150.475
"ROCKHAMPTON",8379,2021,8,10187,9910,20097,0,0,0,10187,9910,20097,-23.3819,150.475
"ROCKHAMPTON",8380,2021,9,15913,16157,32070,0,0,0,15913,16157,32070,-23.3819,150.475
"ROCKHAMPTON",8381,2021,10,16260,16802,33062,0,0,0,16260,16802,33062,-23.3819,150.475
"ROCKHAMPTON",8382,2021,11,17545,17459,35004,0,0,0,17545,17459,35004,-23.3819,150.475
"ROCKHAMPTON",8383,2021,12,18646,18401,37047,0,0,0,18646,18401,37047,-23.3819,150.475
"ROCKHAMPTON",8384,2022,1,12526,12465,24991,0,0,0,12526,12465,24991,-23.3819,150.475
"ROCKHAMPTON",8385,2022,2,13441,13612,27053,0,0,0,13441,13612,27053,-23.3819,150.475
"ROCKHAMPTON",8386,2022,3,18543,19039,37582,0,0,0,18543,19039,37582,-23.3819,150.475
"ROCKHAMPTON",8387,2022,4,20984,21003,41987,0,0,0,20984,21003,41987,-23.3819,150.475
"ROCKHAMPTON",8388,2022,5,22452,22360,44812,0,0,0,22452,22360,44812,-23.3819,150.475
"ROCKHAMPTON",8389,2022,6,22499,22892,45391,0,0,0,22499,22892,45391,-23.3819,150.475
"ROCKHAMPTON",8390,2022,7,22938,22747,45685,0,0,0,22938,22747,45685,-23.3819,150.475
"ROCKHAMPTON",8391,2022,8,22850,22597,45447,0,0,0,22850,22597,45447,-23.3819,150.475
"ROCKHAMPTON",8392,2022,9,21059,20981,42040,0,0,0,21059,20981,42040,-23.3819,150.475
"ROCKHAMPTON",8393,2022,10,21071,21898,42969,0,0,0,21071,21898,42969,-23.3819,150.475
"ROCKHAMPTON",8394,2022,11,22545,22441,44986,0,0,0,22545,22441,44986,-23.3819,150.475
"ROCKHAMPTON",8395,2022,12,20503,21265,41768,0,0,0,20503,21265,41768,-23.3819,150.475
"ROCKHAMPTON",8396,2023,1,19410,18552,37962,0,0,0,19410,18552,37962,-23.3819,150.475
"ROCKHAMPTON",8397,2023,2,19787,20157,39944,0,0,0,19787,20157,39944,-23.3819,150.475
"ROCKHAMPTON",8398,2023,3,26024,26325,52349,0,0,0,26024,26325,52349,-23.3819,150.475
"ROCKHAMPTON",8399,2023,4,25915,26023,51938,0,0,0,25915,26023,51938,-23.3819,150.475
"ROCKHAMPTON",8400,2023,5,28156,28295,56451,0,0,0,28156,28295,56451,-23.3819,150.475
"ROCKHAMPTON",8401,2023,6,28019,28025,56044,0,0,0,28019,28025,56044,-23.3819,150.475
"ROCKHAMPTON",8402,2023,7,30335,29536,59871,0,0,0,30335,29536,59871,-23.3819,150.475
"ROCKHAMPTON",8403,2023,8,28704,29340,58044,0,0,0,28704,29340,58044,-23.3819,150.475
"ROCKHAMPTON",8404,2023,9,28901,28755,57656,0,0,0,28901,28755,57656,-23.3819,150.475
"ROCKHAMPTON",8405,2023,10,28628,28335,56963,0,0,0,28628,28335,56963,-23.3819,150.475
"ROCKHAMPTON",8406,2023,11,27258,27927,55185,0,0,0,27258,27927,55185,-23.3819,150.475
"SUNSHINE COAST",8815,2019,1,55988,61362,117350,0,0,0,55988,61362,117350,-26.6033,153.0911
"SUNSHINE COAST",8816,2019,2,38801,39935,78736,0,0,0,38801,39935,78736,-26.6033,153.0911
"SUNSHINE COAST",8817,2019,3,48596,47462,96058,0,0,0,48596,47462,96058,-26.6033,153.0911
"SUNSHINE COAST",8818,2019,4,57922,57602,115524,0,0,0,57922,57602,115524,-26.6033,153.0911
"SUNSHINE COAST",8819,2019,5,45297,45610,90907,0,0,0,45297,45610,90907,-26.6033,153.0911
"SUNSHINE COAST",8820,2019,6,46464,43854,90318,0,0,0,46464,43854,90318,-26.6033,153.0911
"SUNSHINE COAST",8821,2019,7,57693,57053,114746,1830,1209,3039,59523,58262,117785,-26.6033,153.0911
"SUNSHINE COAST",8822,2019,8,52112,51992,104104,1994,1631,3625,54106,53623,107729,-26.6033,153.0911
"SUNSHINE COAST",8823,2019,9,59157,56402,115559,2012,1844,3856,61169,58246,119415,-26.6033,153.0911
"SUNSHINE COAST",8824,2019,10,59624,62335,121959,1252,1312,2564,60876,63647,124523,-26.6033,153.0911
"SUNSHINE COAST",8825,2019,11,54862,55816,110678,0,0,0,54862,55816,110678,-26.6033,153.0911
"SUNSHINE COAST",8826,2019,12,58993,55020,114013,0,0,0,58993,55020,114013,-26.6033,153.0911
"SUNSHINE COAST",8827,2020,1,49802,53319,103121,0,0,0,49802,53319,103121,-26.6033,153.0911
"SUNSHINE COAST",8828,2020,2,40821,41262,82083,0,0,0,40821,41262,82083,-26.6033,153.0911
"SUNSHINE COAST",8829,2020,3,30794,31890,62684,0,0,0,30794,31890,62684,-26.6033,153.0911
"SUNSHINE COAST",8830,2020,4,0,0,0,0,0,0,0,0,0,-26.6033,153.0911
"SUNSHINE COAST",8831,2020,5,0,0,0,0,0,0,0,0,0,-26.6033,153.0911
"SUNSHINE COAST",8832,2020,6,0,0,0,0,0,0,0,0,0,-26.6033,153.0911
"SUNSHINE COAST",8833,2020,7,4595,4152,8747,0,0,0,4595,4152,8747,-26.6033,153.0911
"SUNSHINE COAST",8834,2020,8,1032,1717,2749,0,0,0,1032,1717,2749,-26.6033,153.0911
"SUNSHINE COAST",8835,2020,9,2320,2238,4558,0,0,0,2320,2238,4558,-26.6033,153.0911
"SUNSHINE COAST",8836,2020,10,3472,3484,6956,0,0,0,3472,3484,6956,-26.6033,153.0911
"SUNSHINE COAST",8837,2020,11,3424,3869,7293,0,0,0,3424,3869,7293,-26.6033,153.0911
"SUNSHINE COAST",8838,2020,12,27355,21832,49187,0,0,0,27355,21832,49187,-26.6033,153.0911
"SUNSHINE COAST",8839,2021,1,25047,32503,57550,0,0,0,25047,32503,57550,-26.6033,153.0911
"SUNSHINE COAST",8840,2021,2,21393,22134,43527,0,0,0,21393,22134,43527,-26.6033,153.0911
"SUNSHINE COAST",8841,2021,3,43943,41218,85161,0,0,0,43943,41218,85161,-26.6033,153.0911
"SUNSHINE COAST",8842,2021,4,61111,62531,123642,0,0,0,61111,62531,123642,-26.6033,153.0911
"SUNSHINE COAST",8843,2021,5,46629,47419,94048,0,0,0,46629,47419,94048,-26.6033,153.0911
"SUNSHINE COAST",8844,2021,6,31625,29496,61121,0,0,0,31625,29496,61121,-26.6033,153.0911
"SUNSHINE COAST",8845,2021,7,10807,16435,27242,202,310,512,11009,16745,27754,-26.6033,153.0911
"SUNSHINE COAST",8846,2021,8,1300,2373,3673,0,0,0,1300,2373,3673,-26.6033,153.0911
"SUNSHINE COAST",8847,2021,9,2662,3240,5902,0,0,0,2662,3240,5902,-26.6033,153.0911
"SUNSHINE COAST",8848,2021,10,3101,3768,6869,0,0,0,3101,3768,6869,-26.6033,153.0911
"SUNSHINE COAST",8849,2021,11,2922,3309,6231,0,0,0,2922,3309,6231,-26.6033,153.0911
"SUNSHINE COAST",8850,2021,12,36858,24375,61233,0,0,0,36858,24375,61233,-26.6033,153.0911
"SUNSHINE COAST",8851,2022,1,49489,58181,107670,0,0,0,49489,58181,107670,-26.6033,153.0911
"SUNSHINE COAST",8852,2022,2,41318,41978,83296,0,0,0,41318,41978,83296,-26.6033,153.0911
"SUNSHINE COAST",8853,2022,3,56238,56662,112900,0,0,0,56238,56662,112900,-26.6033,153.0911
"SUNSHINE COAST",8854,2022,4,78320,76472,154792,0,0,0,78320,76472,154792,-26.6033,153.0911
"SUNSHINE COAST",8855,2022,5,60284,62428,122712,0,0,0,60284,62428,122712,-26.6033,153.0911
"SUNSHINE COAST",8856,2022,6,64883,58958,123841,0,0,0,64883,58958,123841,-26.6033,153.0911
"SUNSHINE COAST",8857,2022,7,67840,70187,138027,898,718,1616,68738,70905,139643,-26.6033,153.0911
"SUNSHINE COAST",8858,2022,8,58136,59006,117142,1211,1162,2373,59347,60168,119515,-26.6033,153.0911
"SUNSHINE COAST",8859,2022,9,68869,65593,134462,1147,1224,2371,70016,66817,136833,-26.6033,153.0911
"SUNSHINE COAST",8860,2022,10,67500,70500,138000,769,773,1542,68269,71273,139542,-26.6033,153.0911
"SUNSHINE COAST",8861,2022,11,59695,63256,122951,0,0,0,59695,63256,122951,-26.6033,153.0911
"SUNSHINE COAST",8862,2022,12,67791,61949,129740,0,0,0,67791,61949,129740,-26.6033,153.0911
"SUNSHINE COAST",8863,2023,1,66640,72901,139541,0,0,0,66640,72901,139541,-26.6033,153.0911
"SUNSHINE COAST",8864,2023,2,51830,51874,103704,0,0,0,51830,51874,103704,-26.6033,153.0911
"SUNSHINE COAST",8865,2023,3,68061,68114,136175,0,0,0,68061,68114,136175,-26.6033,153.0911
"SUNSHINE COAST",8866,2023,4,82618,81416,164034,0,0,0,82618,81416,164034,-26.6033,153.0911
"SUNSHINE COAST",8867,2023,5,70948,71211,142159,0,0,0,70948,71211,142159,-26.6033,153.0911
"SUNSHINE COAST",8868,2023,6,76961,71507,148468,433,287,720,77394,71794,149188,-26.6033,153.0911
"SUNSHINE COAST",8869,2023,7,88757,88579,177336,1753,1577,3330,90510,90156,180666,-26.6033,153.0911
"SUNSHINE COAST",8870,2023,8,76817,76271,153088,1585,1609,3194,78402,77880,156282,-26.6033,153.0911
"SUNSHINE COAST",8871,2023,9,84121,81211,165332,1809,1791,3600,85930,83002,168932,-26.6033,153.0911
"SUNSHINE COAST",8872,2023,10,83839,87512,171351,866,1073,1939,84705,88585,173290,-26.6033,153.0911
"SUNSHINE COAST",8873,2023,11,81030,82314,163344,0,0,0,81030,82314,163344,-26.6033,153.0911
"SYDNEY",9282,2019,1,1151296,1138031,2289327,887489,768912,1656401,2038785,1906943,3945728,-33.9399,151.1753
"SYDNEY",9283,2019,2,1041047,1041948,2082995,707952,612960,1320912,1748999,1654908,3403907,-33.9399,151.1753
"SYDNEY",9284,2019,3,1168035,1163665,2331700,656438,672111,1328549,1824473,1835776,3660249,-33.9399,151.1753
"SYDNEY",9285,2019,4,1143091,1140011,2283102,681293,719809,1401102,1824384,1859820,3684204,-33.9399,151.1753
"SYDNEY",9286,2019,5,1112636,1105077,2217713,641103,658543,1299646,1753739,1763620,3517359,-33.9399,151.1753
"SYDNEY",9287,2019,6,1056674,1037459,2094133,609046,697055,1306101,1665720,1734514,3400234,-33.9399,151.1753
"SYDNEY",9288,2019,7,1179466,1208057,2387523,758328,692756,1451084,1937794,1900813,3838607,-33.9399,151.1753
"SYDNEY",9289,2019,8,1154302,1141216,2295518,688054,695834,1383888,1842356,1837050,3679406,-33.9399,151.1753
"SYDNEY",9290,2019,9,1138830,1146456,2285286,668842,689778,1358620,1807672,1836234,3643906,-33.9399,151.1753
"SYDNEY",9291,2019,10,1276535,1267353,2543888,759129,665258,1424387,2035664,1932611,3968275,-33.9399,151.1753
"SYDNEY",9292,2019,11,1190189,1188233,2378422,677641,682256,1359897,1867830,1870489,3738319,-33.9399,151.1753
"SYDNEY",9293,2019,12,1167955,1180842,2348797,728207,871647,1599854,1896162,2052489,3948651,-33.9399,151.1753
"SYDNEY",9294,2020,1,1142353,1131604,2273957,877231,775800,1653031,2019584,1907404,3926988,-33.9399,151.1753
"SYDNEY",9295,2020,2,1003957,983714,1987671,595097,506896,1101993,1599054,1490610,3089664,-33.9399,151.1753
"SYDNEY",9296,2020,3,657237,661525,1318762,341102,344459,685561,998339,1005984,2004323,-33.9399,151.1753
"SYDNEY",9297,2020,4,28082,20096,48178,7751,33619,41370,35833,53715,89548,-33.9399,151.1753
"SYDNEY",9298,2020,5,33504,28774,62278,10119,20218,30337,43623,48992,92615,-33.9399,151.1753
"SYDNEY",9299,2020,6,74605,65547,140152,12537,21934,34471,87142,87481,174623,-33.9399,151.1753
"SYDNEY",9300,2020,7,134227,140497,274724,12877,29798,42675,147104,170295,317399,-33.9399,151.1753
"SYDNEY",9301,2020,8,55176,35022,90198,9825,28770,38595,65001,63792,128793,-33.9399,151.1753
"SYDNEY",9302,2020,9,51249,45899,97148,10035,24897,34932,61284,70796,132080,-33.9399,151.1753
"SYDNEY",9303,2020,10,96350,89142,185492,13108,23983,37091,109458,113125,222583,-33.9399,151.1753
"SYDNEY",9304,2020,11,158324,148823,307147,15900,24368,40268,174224,173191,347415,-33.9399,151.1753
"SYDNEY",9305,2020,12,322699,336374,659073,16152,26436,42588,338851,362810,701661,-33.9399,151.1753
"SYDNEY",9306,2021,1,114029,82773,196802,11032,20684,31716,125061,103457,228518,-33.9399,151.1753
"SYDNEY",9307,2021,2,292959,302746,595705,9983,14635,24618,302942,317381,620323,-33.9399,151.1753
"SYDNEY",9308,2021,3,556632,564536,1121168,13957,15381,29338,570589,579917,1150506,-33.9399,151.1753
"SYDNEY",9309,2021,4,750556,738789,1489345,21742,27003,48745,772298,765792,1538090,-33.9399,151.1753
"SYDNEY",9310,2021,5,676101,671249,1347350,41234,42708,83942,717335,713957,1431292,-33.9399,151.1753
"SYDNEY",9311,2021,6,453658,451817,905475,39699,40536,80235,493357,492353,985710,-33.9399,151.1753
"SYDNEY",9312,2021,7,40553,27111,67664,12380,19811,32191,52933,46922,99855,-33.9399,151.1753
"SYDNEY",9313,2021,8,13222,11544,24766,7955,18448,26403,21177,29992,51169,-33.9399,151.1753
"SYDNEY",9314,2021,9,12745,9916,22661,4410,14062,18472,17155,23978,41133,-33.9399,151.1753
"SYDNEY",9315,2021,10,25530,19808,45338,3662,15753,19415,29192,35561,64753,-33.9399,151.1753
"SYDNEY",9316,2021,11,205713,200654,406367,42178,49870,92048,247891,250524,498415,-33.9399,151.1753
"SYDNEY",9317,2021,12,454384,494734,949118,112764,129642,242406,567148,624376,1191524,-33.9399,151.1753
"SYDNEY",9318,2022,1,485546,464651,950197,153721,103167,256888,639267,567818,1207085,-33.9399,151.1753
"SYDNEY",9319,2022,2,494968,506011,1000979,134032,88762,222794,629000,594773,1223773,-33.9399,151.1753
"SYDNEY",9320,2022,3,749213,751972,1501185,177024,160206,337230,926237,912178,1838415,-33.9399,151.1753
"SYDNEY",9321,2022,4,971618,965691,1937309,259434,279098,538532,1231052,1244789,2475841,-33.9399,151.1753
"SYDNEY",9322,2022,5,917829,913466,1831295,287411,289660,577071,1205240,1203126,2408366,-33.9399,151.1753
"SYDNEY",9323,2022,6,939255,934024,1873279,319268,376620,695888,1258523,1310644,2569167,-33.9399,151.1753
"SYDNEY",9324,2022,7,991750,998766,1990516,449878,404429,854307,1441628,1403195,2844823,-33.9399,151.1753
"SYDNEY",9325,2022,8,934771,926384,1861155,420285,385639,805924,1355056,1312023,2667079,-33.9399,151.1753
"SYDNEY",9326,2022,9,962376,987040,1949416,433437,429297,862734,1395813,1416337,2812150,-33.9399,151.1753
"SYDNEY",9327,2022,10,1037067,1008502,2045569,491670,415469,907139,1528737,1423971,2952708,-33.9399,151.1753
"SYDNEY",9328,2022,11,1002829,992588,1995417,484849,489552,974401,1487678,1482140,2969818,-33.9399,151.1753
"SYDNEY",9329,2022,12,964858,971746,1936604,529261,621131,1150392,1494119,1592877,3086996,-33.9399,151.1753
"SYDNEY",9330,2023,1,948915,939497,1888412,671268,574067,1245335,1620183,1513564,3133747,-33.9399,151.1753
"SYDNEY",9331,2023,2,861434,863783,1725217,566934,453954,1020888,1428368,1317737,2746105,-33.9399,151.1753
"SYDNEY",9332,2023,3,1031011,1047451,2078462,551400,551878,1103278,1582411,1599329,3181740,-33.9399,151.1753
"SYDNEY",9333,2023,4,989792,971078,1960870,560311,570535,1130846,1550103,1541613,3091716,-33.9399,151.1753
"SYDNEY",9334,2023,5,966916,964192,1931108,534733,553471,1088204,1501649,1517663,3019312,-33.9399,151.1753
"SYDNEY",9335,2023,6,953000,941898,1894898,543365,626860,1170225,1496365,1568758,3065123,-33.9399,151.1753
"SYDNEY",9336,2023,7,1025041,1047334,2072375,705713,602013,1307726,1730754,1649347,3380101,-33.9399,151.1753
"SYDNEY",9337,2023,8,1017021,1001240,2018261,624566,612723,1237289,1641587,1613963,3255550,-33.9399,151.1753
"SYDNEY",9338,2023,9,1035511,1058562,2094073,638554,640991,1279545,1674065,1699553,3373618,-33.9399,151.1753
"SYDNEY",9339,2023,10,1106033,1077919,2183952,695855,594999,1290854,1801888,1672918,3474806,-33.9399,151.1753
"SYDNEY",9340,2023,11,1080530,1067998,2148528,624043,641640,1265683,1704573,1709638,3414211,-33.9399,151.1753
"TOWNSVILLE",9749,2019,1,61344,56845,118189,0,0,0,61344,56845,118189,-19.2525,146.765
"TOWNSVILLE",9750,2019,2,50268,49998,100266,0,0,0,50268,49998,100266,-19.2525,146.765
"TOWNSVILLE",9751,2019,3,62804,63951,126755,0,0,0,62804,63951,126755,-19.2525,146.765
"TOWNSVILLE",9752,2019,4,67238,66720,133958,0,0,0,67238,66720,133958,-19.2525,146.765
"TOWNSVILLE",9753,2019,5,67451,67615,135066,0,0,0,67451,67615,135066,-19.2525,146.765
"TOWNSVILLE",9754,2019,6,68347,66772,135119,0,0,0,68347,66772,135119,-19.2525,146.765
"TOWNSVILLE",9755,2019,7,78060,76324,154384,0,0,0,78060,76324,154384,-19.2525,146.765
"TOWNSVILLE",9756,2019,8,72244,74283,146527,0,0,0,72244,74283,146527,-19.2525,146.765
"TOWNSVILLE",9757,2019,9,71820,73743,145563,0,0,0,71820,73743,145563,-19.2525,146.765
"TOWNSVILLE",9758,2019,10,72692,73110,145802,0,0,0,72692,73110,145802,-19.2525,146.765
"TOWNSVILLE",9759,2019,11,64379,66370,130749,0,0,0,64379,66370,130749,-19.2525,146.765
"TOWNSVILLE",9760,2019,12,67064,71298,138362,0,0,0,67064,71298,138362,-19.2525,146.765
"TOWNSVILLE",9761,2020,1,63574,59105,122679,0,0,0,63574,59105,122679,-19.2525,146.765
"TOWNSVILLE",9762,2020,2,53546,51590,105136,0,0,0,53546,51590,105136,-19.2525,146.765
"TOWNSVILLE",9763,2020,3,44037,43063,87100,0,0,0,44037,43063,87100,-19.2525,146.765
"TOWNSVILLE",9764,2020,4,3786,4068,7854,0,0,0,3786,4068,7854,-19.2525,146.765
"TOWNSVILLE",9765,2020,5,4672,4575,9247,0,0,0,4672,4575,9247,-19.2525,146.765
"TOWNSVILLE",9766,2020,6,11330,11590,22920,0,0,0,11330,11590,22920,-19.2525,146.765
"TOWNSVILLE",9767,2020,7,28925,27368,56293,0,0,0,28925,27368,56293,-19.2525,146.765
"TOWNSVILLE",9768,2020,8,27166,27623,54789,0,0,0,27166,27623,54789,-19.2525,146.765
"TOWNSVILLE",9769,2020,9,30779,30772,61551,0,0,0,30779,30772,61551,-19.2525,146.765
"TOWNSVILLE",9770,2020,10,33293,34139,67432,0,0,0,33293,34139,67432,-19.2525,146.765
"TOWNSVILLE",9771,2020,11,34426,34806,69232,0,0,0,34426,34806,69232,-19.2525,146.765
"TOWNSVILLE",9772,2020,12,46643,47427,94070,0,0,0,46643,47427,94070,-19.2525,146.765
"TOWNSVILLE",9773,2021,1,36601,36701,73302,0,0,0,36601,36701,73302,-19.2525,146.765
"TOWNSVILLE",9774,2021,2,35876,36302,72178,0,0,0,35876,36302,72178,-19.2525,146.765
"TOWNSVILLE",9775,2021,3,47197,46734,93931,0,0,0,47197,46734,93931,-19.2525,146.765
"TOWNSVILLE",9776,2021,4,54512,54531,109043,0,0,0,54512,54531,109043,-19.2525,146.765
"TOWNSVILLE",9777,2021,5,56918,55921,112839,0,0,0,56918,55921,112839,-19.2525,146.765
"TOWNSVILLE",9778,2021,6,55616,55914,111530,0,0,0,55616,55914,111530,-19.2525,146.765
"TOWNSVILLE",9779,2021,7,45465,45386,90851,0,0,0,45465,45386,90851,-19.2525,146.765
"TOWNSVILLE",9780,2021,8,28531,30449,58980,0,0,0,28531,30449,58980,-19.2525,146.765
"TOWNSVILLE",9781,2021,9,44252,45090,89342,0,0,0,44252,45090,89342,-19.2525,146.765
"TOWNSVILLE",9782,2021,10,42096,42471,84567,0,0,0,42096,42471,84567,-19.2525,146.765
"TOWNSVILLE",9783,2021,11,42950,43775,86725,0,0,0,42950,43775,86725,-19.2525,146.765
"TOWNSVILLE",9784,2021,12,52968,53049,106017,0,0,0,52968,53049,106017,-19.2525,146.765
"TOWNSVILLE",9785,2022,1,40703,39849,80552,0,0,0,40703,39849,80552,-19.2525,146.765
"TOWNSVILLE",9786,2022,2,37643,38041,75684,0,0,0,37643,38041,75684,-19.2525,146.765
"TOWNSVILLE",9787,2022,3,52878,53425,106303,0,0,0,52878,53425,106303,-19.2525,146.765
"TOWNSVILLE",9788,2022,4,67765,67181,134946,0,0,0,67765,67181,134946,-19.2525,146.765
"TOWNSVILLE",9789,2022,5,67961,66930,134891,0,0,0,67961,66930,134891,-19.2525,146.765
"TOWNSVILLE",9790,2022,6,73181,72557,145738,0,0,0,73181,72557,145738,-19.2525,146.765
"TOWNSVILLE",9791,2022,7,77032,76450,153482,0,0,0,77032,76450,153482,-19.2525,146.765
"TOWNSVILLE",9792,2022,8,70474,71884,142358,0,0,0,70474,71884,142358,-19.2525,146.765
"TOWNSVILLE",9793,2022,9,72163,73570,145733,0,0,0,72163,73570,145733,-19.2525,146.765
"TOWNSVILLE",9794,2022,10,71632,72223,143855,0,0,0,71632,72223,143855,-19.2525,146.765
"TOWNSVILLE",9795,2022,11,63881,66759,130640,0,0,0,63881,66759,130640,-19.2525,146.765
"TOWNSVILLE",9796,2022,12,63600,66405,130005,0,0,0,63600,66405,130005,-19.2525,146.765
"TOWNSVILLE",9797,2023,1,60780,57776,118556,0,0,0,60780,57776,118556,-19.2525,146.765
"TOWNSVILLE",9798,2023,2,54278,54972,109250,0,0,0,54278,54972,109250,-19.2525,146.765
"TOWNSVILLE",9799,2023,3,70734,70157,140891,0,0,0,70734,70157,140891,-19.2525,146.765
"TOWNSVILLE",9800,2023,4,68197,67452,135649,0,0,0,68197,67452,135649,-19.2525,146.765
"TOWNSVILLE",9801,2023,5,72574,71584,144158,0,0,0,72574,71584,144158,-19.2525,146.765
"TOWNSVILLE",9802,2023,6,78209,76273,154482,0,0,0,78209,76273,154482,-19.2525,146.765
"TOWNSVILLE",9803,2023,7,81864,80540,162404,0,0,0,81864,80540,162404,-19.2525,146.765
"TOWNSVILLE",9804,2023,8,76129,79501,155630,0,0,0,76129,79501,155630,-19.2525,146.765
"TOWNSVILLE",9805,2023,9,71745,73575,145320,0,0,0,71745,73575,145320,-19.2525,146.765
"TOWNSVILLE",9806,2023,10,73485,73111,146596,0,0,0,73485,73111,146596,-19.2525,146.765
"TOWNSVILLE",9807,2023,11,68318,70954,139272,0,0,0,68318,70954,139272,-19.2525,146.765
